0	0.92	2.1190322077274324
1	0.86	1.4235825902223587
2	0.7	1.215741783976555
3	0.72	1.0565581214427948
4	0.78	0.9941565728187561
5	0.78	1.5460124337673187
6	0.28	1.5625837051868439
7	0.7	1.9998844182491302
8	0.86	2.223281247615814
9	0.96	1.7904488146305084
10	0.86	1.7466438066959382
11	0.84	1.4847576475143434
12	0.86	1.5335275959968566
13	0.94	1.5222066259384155
14	0.88	1.6907278430461883
15	0.9	1.91546954870224
16	0.74	1.6333462297916412
17	0.9	1.6468351304531097
18	0.78	2.0294045072793963
19	0.92	1.4497297513484955
20	0.86	1.7362284827232362
21	0.82	1.4047803807258605
22	0.8	1.3849609422683715
23	0.84	1.6670252585411072
24	0.92	1.9696440625190734
25	0.9	2.471171889305115
26	0.72	1.7984909117221832
27	0.72	1.9533585858345033
28	0.8	2.0637021577358245
29	0.86	1.4271408677101136
30	0.72	2.1178459978103636
31	0.62	1.6192936933040618
32	0.48	1.7827770185470582
33	0.7	1.7475342798233031
34	0.6	1.7774270510673522
35	0.52	1.8979575991630555
36	0.54	2.06480309844017
37	0.72	2.242682545185089
38	0.74	1.6899477779865264
39	0.72	2.192790174484253
40	0.5	1.5481054627895354
41	0.9	2.3338221383094786
42	0.74	1.9527052712440491
43	0.84	2.113789858818054
44	0.58	2.095806770324707
45	0.74	2.1872030472755433
46	0.34	1.8016195023059844
47	0.72	1.9161862301826478
48	0.84	2.1008087491989134
49	0.64	2.0157816672325133
50	0.68	1.94164222240448
51	0.88	1.8612153327465057
52	0.76	2.043166465759277
53	0.72	1.6775195294618606
54	0.56	2.158473377227783
55	0.32	1.7640593218803406
56	0.74	2.07759327173233
57	0.82	2.4254998445510862
58	0.64	1.9792857098579406
59	0.6	1.453843669295311
60	0.36	2.021580821275711
61	0.68	2.036767381429672
62	0.46	2.0799900472164152
63	0.86	1.8250179171562195
64	0.66	1.6175051832199097
65	0.6	1.9715999674797058
66	0.46	2.042808910608292
67	0.56	2.3005452609062194
68	0.26	2.0128587114810945
69	0.94	1.7838281309604644
70	0.78	1.5775593876838685
71	0.86	1.6975458407402038
72	0.88	1.5491621363162995
73	0.66	1.5092590188980102
74	0.18	1.4960969400405884
75	0.78	1.4502487206459045
76	0.86	2.0239026737213135
77	0.5	1.8509243416786194
78	0.74	1.5019371843338012
79	0.62	1.9072883462905883
80	0.92	1.6811320173740387
81	0.8	1.8853017354011536
82	0.8	2.187228955030441
83	0.92	1.8932971942424774
84	0.88	2.489394940137863
85	0.8	1.9727567076683044
86	0.8	2.04466756939888
87	0.92	1.4603993940353392
88	0.86	1.95517578125
89	0.8	1.6188643938302993
90	0.96	2.0093295621871947
91	0.88	2.067474889755249
92	0.94	1.3271799206733703
93	0.82	1.818418765068054
94	0.86	1.2164361441135407
95	0.92	1.4689811778068542
96	0.84	1.8325725305080414
97	0.78	1.8010869705677033
98	0.88	1.6810267913341521
99	0.62	1.815080909729004
100	0.98	1.7291709172725678
101	0.62	2.0654671692848208
102	0.98	2.5785060572624205
103	0.68	1.4096643805503846
104	0.72	2.108997931480408
105	0.82	2.102314250469208
106	0.72	1.8034008169174194
107	0.82	1.3073122572898865
108	0.56	2.312577738761902
109	0.86	2.177555410861969
110	0.86	2.4457967877388
111	0.9	0.8734518533945084
112	0.74	1.569065283536911
113	0.72	1.8893698251247406
114	0.64	2.0142115890979766
115	0.68	2.0933789193630217
116	0.78	2.281468415260315
117	0.82	1.743496893644333
118	0.72	2.060665264129639
119	0.62	2.2782043385505677
120	0.74	1.9131333601474763
121	0.8	2.1594232082366944
122	0.84	2.0997225737571714
123	0.74	2.411808032989502
124	0.3	2.0222915029525756
125	0.68	1.8283382558822632
126	0.66	1.6923564994335174
127	0.78	1.5358864903450011
128	0.8	1.822476504445076
129	0.98	1.7838584220409393
130	0.88	1.7234650182723998
131	0.88	2.09239914059639
132	0.92	1.5618164020776748
133	0.86	2.3434271383285523
134	0.64	1.830256700515747
135	0.96	2.1456576871871946
136	0.88	2.3147162187099455
137	0.86	1.7510953390598296
138	0.9	2.089225919246674
139	0.94	1.7821655869483948
140	0.74	1.7079818916320801
141	0.86	1.6606644463539124
142	0.8	1.698848444223404
143	0.84	1.5423656690120697
144	0.92	1.6455046141147613
145	0.88	1.688368935585022
146	0.84	1.6238030230998992
147	0.84	1.7198912036418914
148	0.9	1.5725306749343873
149	0.86	1.1285682344436645
150	0.74	1.722089855670929
151	0.58	1.5615784335136413
152	0.78	1.485736619234085
153	0.76	1.370929536819458
154	0.76	1.4977104568481445
155	0.68	1.5860618698596953
156	0.9	1.6730923104286193
157	0.92	1.7232003235816955
158	0.68	1.6825912940502166
159	0.66	1.891259183883667
160	0.92	1.8445766866207123
161	0.76	1.6783721351623535
162	0.64	1.6736312413215637
163	0.46	1.680654902458191
164	0.76	1.8355807566642761
165	0.66	1.7344240176677703
166	0.72	1.654878829717636
167	0.44	1.6873517417907715
168	0.74	1.8026917266845703
169	0.94	1.6738424801826477
170	0.62	1.8072357201576232
171	0.72	1.6023676633834838
172	0.72	1.8361934077739717
173	0.66	1.7618371331691742
174	0.86	1.6985252118110656
175	0.68	1.8455161905288697
176	0.8	1.7580863392353059
177	0.82	1.8206002974510194
178	0.88	1.722889825105667
179	0.66	1.9073668491840363
180	0.66	1.622903790473938
181	0.84	1.7223804211616516
182	0.74	1.7861376047134399
183	0.76	1.7500020015239715
184	0.62	1.7816832506656646
185	0.58	1.8427507066726685
186	0.64	1.6998812174797058
187	0.52	1.782433431148529
188	0.72	1.9707381904125214
189	0.64	1.7520731019973754
190	0.84	1.379982054233551
191	0.78	1.8711854338645935
192	0.7	1.8248848128318786
193	0.5	1.846528208255768
194	0.86	1.6118215930461883
195	0.88	1.610405764579773
196	0.54	1.66605548620224
197	0.64	1.909290108680725
198	0.86	1.9235881423950196
199	0.7	1.7421715486049651
200	0.68	1.848166859149933
201	0.5	1.840008752346039
202	0.64	1.8463616180419922
203	0.9	1.4881732285022735
204	0.56	1.4823887932300568
205	0.78	1.7547695994377137
206	0.7	1.8694427633285522
207	0.88	1.7741872560977936
208	0.86	1.5154189252853394
209	0.7	1.7686491751670836
210	0.82	1.983697772026062
211	0.64	1.6989285588264464
212	0.78	1.7309785676002503
213	0.76	1.8219168448448182
214	0.78	1.8112472128868102
215	0.84	1.7018191874027253
216	0.9	1.8018307638168336
217	0.86	1.8086208605766296
218	0.92	1.92392897605896
219	0.72	1.7621791386604309
220	0.72	1.748719322681427
221	0.8	1.9404599833488465
222	0.68	1.4435032773017884
223	0.78	1.5569866216182708
224	0.66	1.6187508010864258
225	0.9	1.795767297744751
226	0.56	1.7631672406196595
227	0.74	1.7580389034748078
228	0.88	1.7793291735649108
229	0.84	1.54699258685112
230	0.52	1.6079029762744903
231	0.66	1.776384732723236
232	0.7	1.7998330080509186
233	0.68	1.837305073738098
234	0.8	1.7879300796985627
235	0.72	1.856736295223236
236	0.64	1.8541553711891174
237	0.64	1.7629639673233033
238	0.46	1.6659618175029756
239	0.9	1.7148740494251251
240	0.28	1.880894055366516
241	0.72	1.7452598905563355
242	0.66	1.8099170875549317
243	0.78	1.831663339138031
244	0.88	1.6821966767311096
245	0.82	1.4873142540454865
246	0.62	1.7283410322666168
247	0.86	1.658354194164276
248	0.52	1.5649414134025574
249	0.7	1.6991896581649781
250	0.6	1.6223457419872285
251	0.92	1.7851738035678864
252	0.86	1.6063946962356568
253	0.76	1.7242506337165833
254	0.84	1.7064090609550475
255	0.94	1.87356027841568
256	0.8	1.6596253216266632
257	0.66	1.459614155292511
258	0.9	1.3149394071102143
259	0.9	1.5425757324695588
260	0.82	1.7022154092788697
261	0.86	1.6100868999958038
262	0.82	1.6327618622779847
263	0.64	1.5657664966583251
264	0.82	1.9142948818206786
265	0.44	1.4549836671352387
266	0.58	1.5032533514499664
267	0.78	1.764121094942093
268	0.9	1.6418614530563354
269	0.64	1.7232174730300904
270	0.88	1.5955580353736878
271	0.52	1.7640780699253082
272	0.54	1.7910160279273988
273	0.7	1.875844613313675
274	0.9	2.0542884945869444
275	0.96	2.1934124040603638
276	0.9	1.9588460695743561
277	0.6	1.734255418777466
278	0.66	2.1410311603546144
279	0.9	1.4758442342281342
280	0.7	1.8327842044830323
281	0.68	1.6874274492263794
282	0.1	1.8592589855194093
283	0.86	1.2573572993278503
284	0.94	1.428975213766098
285	0.52	1.5810614585876466
286	0.9	1.810111210346222
287	0.66	1.759473066329956
288	0.86	2.0430644154548645
289	0.86	1.8943526697158815
290	0.72	2.2883490180969237
291	0.86	1.7332688808441161
292	0.92	2.0767466509342194
293	0.92	2.1058322644233702
294	0.96	1.763242976665497
295	0.72	1.869996817111969
296	0.84	1.3066474032402038
297	0.72	1.5116912472248076
298	0.66	1.9063608014583588
299	0.8	1.7035359477996825
300	0.9	2.0257888221740723
301	0.86	1.7238707613945008
302	0.74	1.7223321890830994
303	0.64	1.7723134505748748
304	0.56	1.5860989272594452
305	0.72	2.0842757487297057
306	0.8	1.7458510088920594
307	0.76	1.4111252462863921
308	0.68	1.7070607459545135
309	0.66	1.9222664093971253
310	0.68	1.5523712515830994
311	0.56	1.6573098599910736
312	0.56	1.5930093955993652
313	0.54	1.6531006789207459
314	0.66	1.5709992837905884
315	0.54	1.4180743896961212
316	0.88	1.8417546153068542
317	0.9	1.5594523286819457
318	0.76	1.3417167580127716
319	0.64	1.5450398516654968
320	0.9	1.3803268444538117
321	0.92	2.0666390323638915
322	0.9	1.9377507042884827
323	0.88	2.304979696273804
324	0.92	1.721218513250351
325	0.94	1.859069275856018
326	0.9	1.5625562012195586
327	0.84	2.3054412603378296
328	0.78	2.2719216251373293
329	0.62	2.076829169988632
330	0.7	1.9619622874259948
331	0.88	1.8313066017627717
332	0.94	1.4151375198364258
333	0.98	1.4821643805503846
334	0.86	2.237749905586243
335	0.82	1.8461902129650116
336	0.86	2.196133227348328
337	0.78	1.9932107043266296
338	0.68	1.5685542964935302
339	0.94	2.019247052669525
340	0.94	2.2476610422134398
341	0.54	1.9854727327823638
342	0.78	2.0102654576301573
343	0.88	2.0278096973896025
344	0.88	1.7655153810977935
345	0.44	2.0140254378318785
346	0.74	1.9846560084819793
347	0.86	1.8650203227996827
348	0.32	1.9583840703964233
349	0.86	2.014819415807724
350	0.9	1.9687420225143433
351	0.96	1.754409692287445
352	0.82	2.0686499679088595
353	0.66	1.9195535731315614
354	0.92	1.9859809625148772
355	0.78	1.7159701693058014
356	0.44	1.8372373390197754
357	0.76	1.9460263991355895
358	0.4	1.4078495633602142
359	0.72	1.6717964708805084
360	0.72	1.6722620224952698
361	0.84	1.907231740951538
362	0.86	1.8799358415603638
363	0.88	2.253725287914276
364	0.98	2.0957282507419586
365	0.88	1.880297737121582
366	0.64	1.7035180258750915
367	0.78	1.754030613899231
368	0.74	1.7282421922683715
369	0.76	1.5688520431518556
370	0.82	1.8650673675537108
371	0.62	1.7241549873352051
372	0.84	1.7018925273418426
373	0.64	1.6514221823215485
374	0.54	1.457735571861267
375	0.86	1.8339919424057007
376	1.0	2.141127212047577
377	0.68	1.7062519979476929
378	0.7	1.9939644384384154
379	0.76	2.118818953037262
380	0.58	1.9198054850101471
381	0.34	1.910605057477951
382	0.66	1.724931435585022
383	0.76	1.8791238808631896
384	0.88	2.133387260437012
385	0.68	1.7644730484485627
386	0.34	1.825375084877014
387	0.94	1.889145016670227
388	0.92	1.7501215624809265
389	0.76	1.7131274020671845
390	0.6	2.0545543742179873
391	0.72	1.7299290525913238
392	0.98	1.883441871404648
393	0.6	2.1768267810344697
394	0.7	1.653900270462036
395	0.68	1.6684641969203948
396	0.94	2.5016350317001343
397	0.76	1.8966274774074554
398	0.74	1.6690409803390502
399	0.8	1.3507533490657806
400	0.58	1.935475915670395
401	0.76	1.7040174472332001
402	0.42	1.6674111223220824
403	0.72	1.2815872204303742
404	0.9	1.194663987159729
405	0.7	0.9897229674458504
406	0.66	2.385209243297577
407	0.88	2.0277853870391844
408	0.66	1.7242713618278502
409	0.58	1.5041784822940827
410	0.84	2.3701981139183044
411	0.62	1.992259658575058
412	0.44	1.6510642755031586
413	0.62	1.808710559606552
414	0.28	1.5771340918540955
415	0.3	2.0696022081375123
416	0.7	1.4506297850608825
417	0.86	1.4424553525447845
418	0.54	1.3266920429468154
419	0.58	1.2366505813598634
420	0.82	1.7464305758476257
421	0.6	1.7271488296985626
422	0.58	1.4902770227193833
423	0.78	1.7993773961067199
424	0.44	1.8814979350566865
425	0.92	1.862971134185791
426	0.84	1.5993291556835174
427	0.6	1.6525984513759613
428	0.62	2.1843877387046815
429	0.7	1.7690545213222504
430	0.82	1.8435813665390015
431	0.72	1.4951052212715148
432	0.84	1.5134271442890168
433	0.56	1.776338073015213
434	0.44	1.5583533811569215
435	0.34	1.2807673048973083
436	0.58	1.8893000650405884
437	0.7	1.2169463416934014
438	0.58	1.3983262944221497
439	0.8	1.9565010929107667
440	0.66	1.8837221050262452
441	0.6	1.6236993706226348
442	0.64	1.6257880330085754
443	0.52	1.7498445582389832
444	0.8	2.261491160392761
445	0.5	1.8093630516529082
446	0.54	1.265458791255951
447	0.48	1.6499936068058014
448	0.74	1.9813915073871613
449	0.78	1.9793355238437653
450	0.82	1.615019520521164
451	0.8	1.5555010414123536
452	0.58	1.810235172510147
453	0.68	1.9314656245708466
454	0.4	2.1989393401145936
455	0.52	2.026509463787079
456	0.68	1.7968136167526245
457	0.48	1.3610666489601135
458	0.9	2.1667550206184387
459	0.62	1.3843387377262115
460	0.5	1.4012284803390502
461	0.44	1.6513480639457703
462	0.62	1.9392075788974763
463	0.58	1.6131784057617187
464	0.38	1.6009717774391174
465	0.68	1.553101886510849
466	0.98	1.739812650680542
467	0.78	2.355016734600067
468	0.66	2.011613507270813
469	0.52	1.8646779346466065
470	0.56	1.3563643980026245
471	0.76	1.8589935576915741
472	0.9	1.9805440783500672
473	0.52	1.0502056801319122
474	0.6	1.7395647430419923
475	0.88	1.5174489665031432
476	0.96	2.4615082955360412
477	0.62	1.7912691509723664
478	0.32	1.3949174869060517
479	0.44	1.7895475912094116
480	0.62	1.5397975087165832
481	0.48	1.6626203811168672
482	0.32	1.4920842611789704
483	0.78	1.7980325293540955
484	0.64	1.45103635430336
485	0.28	1.4358410298824311
486	0.78	1.7403487598896026
487	0.68	1.4046065759658815
488	0.3	1.6163372910022735
489	0.48	2.2269160354137423
490	0.68	1.9935028767585754
491	0.84	2.0362811028957366
492	0.58	1.637709650993347
493	0.34	1.29068678855896
494	0.52	1.6702933585643769
495	0.72	1.7246560037136078
496	0.82	1.7293546628952026
497	0.56	1.9161595129966735
498	0.66	1.731303026676178
499	0.28	1.6168020498752593
500	0.84	1.9390326237678528
501	0.26	1.6367024028301238
502	0.5	1.650045441389084
503	0.58	1.392853558063507
504	0.36	1.4709255361557008
505	0.58	1.4629830968379975
506	0.66	2.0502128541469573
507	0.66	1.4795854687690735
508	0.48	1.514681919813156
509	0.58	2.665437252521515
510	0.8	1.4775817048549653
511	0.68	1.665157036781311
512	0.78	1.1608059632778167
513	0.48	1.762705682516098
514	0.68	1.8281389486789703
515	0.5	1.6668223857879638
516	0.36	1.5181548964977265
517	0.7	1.561128031015396
518	0.9	1.48726722240448
519	0.52	1.8776406979560851
520	0.7	1.6892681753635406
521	0.62	1.6654476094245911
522	0.82	2.0999210619926454
523	0.34	1.5474764788150788
524	0.56	1.787435441017151
525	0.7	1.5622994875907898
526	0.62	1.6499533605575563
527	0.44	1.533231827020645
528	0.88	1.5299106967449188
529	0.62	1.546669328212738
530	0.56	1.2461037170886993
531	0.52	1.6807134890556334
532	0.74	1.7164979255199433
533	0.86	2.496279094219208
534	0.42	1.5816294610500337
535	0.9	1.9626363229751587
536	0.5	1.7676582431793213
537	0.9	1.8546552324295045
538	0.7	2.038943328857422
539	0.44	1.6393287682533264
540	0.9	1.4931210160255433
541	0.42	1.8007597124576569
542	0.4	1.4168690276145934
543	0.4	1.63078164935112
544	0.64	1.9051717984676362
545	0.86	1.8331269931793213
546	0.66	1.8680193734169006
547	0.9	2.0330620074272154
548	0.92	1.4644519174098969
549	0.48	1.4385602712631225
550	0.78	1.1173632836341858
551	0.74	1.3375677692890167
552	0.8	1.7433334577083588
553	0.8	1.1506696325540542
554	0.92	1.4652012860774994
555	0.76	2.1030652260780336
556	0.5	1.726704398393631
557	0.68	1.1961132735013962
558	0.28	1.7918586564064025
559	0.64	1.7444973826408385
560	0.82	2.0334614014625547
561	0.8	2.0794766497612
562	0.8	1.7510861706733705
563	0.74	1.3177989494800568
564	0.88	1.6803212678432464
565	0.98	1.8271890783309936
566	0.68	2.009560327529907
567	0.42	1.6323289823532106
568	0.7	1.6426598286628724
569	0.8	1.736498715877533
570	0.7	1.441057072877884
571	0.74	1.915117983818054
572	0.62	1.4389189982414246
573	0.82	1.8538249242305755
574	0.86	1.3605249500274659
575	0.74	1.9561969876289367
576	0.94	1.9996867084503174
577	0.86	1.5129300785064697
578	0.72	1.6174653285741807
579	0.62	1.6264895606040954
580	0.78	2.355622606277466
581	0.7	1.9404173302650451
582	0.6	2.6064401268959045
583	0.82	1.7978077173233031
584	0.44	1.6788671946525573
585	0.3	1.5309598219394684
586	0.68	1.793050055503845
587	0.38	1.5599158883094788
588	0.62	2.0572999048233034
589	0.46	1.44586296916008
590	0.58	1.3796723473072052
591	0.72	1.5398967677354813
592	0.68	1.6788851201534272
593	0.66	1.5472453022003174
594	0.92	2.0411120998859404
595	0.72	1.8593247759342193
596	0.4	1.89539182305336
597	0.62	1.7145822596549989
598	0.64	1.4284052157402038
599	0.54	2.32129980802536
600	0.22	1.4791210961341859
601	0.6	1.8743148136138916
602	0.62	1.7374577498435975
603	0.78	2.0729484224319457
604	0.86	1.3549174880981445
605	0.68	1.273012192249298
606	0.72	1.291077811717987
607	0.94	1.2982688879966735
608	0.64	1.8200474214553832
609	0.76	1.8923971557617187
610	0.76	1.4303830456733704
611	0.76	2.3221053922176362
612	0.92	2.195524125099182
613	0.66	1.3837551748752595
614	0.82	2.0939293813705446
615	0.66	1.1547285601496697
616	0.68	1.8076088047027588
617	0.74	1.4000446367263795
618	0.22	1.7271049976348878
619	0.5	1.4036021173000335
620	0.14	1.4385518956184387
621	0.82	2.0740927982330324
622	0.36	1.4892574083805084
623	0.22	1.3929488199949265
624	0.56	2.14475487947464
625	0.94	1.805289785861969
626	0.48	1.3469040966033936
627	0.78	1.6594080865383147
628	0.86	1.5195647197961808
629	0.74	1.4079312813282012
630	0.84	1.5846978509426117
631	0.52	1.3395834612846373
632	0.56	1.1950960743427277
633	0.3	1.4410176169872284
634	0.76	2.031993799209595
635	0.62	1.7301032364368438
636	0.7	1.4157645159959793
637	0.76	1.8076642113924026
638	0.2	1.6580333304405213
639	0.46	1.6816661405563353
640	0.92	2.2923991441726685
641	0.72	1.3660283851623536
642	0.78	2.042470111846924
643	0.52	1.9330739748477936
644	0.56	1.1996962630748749
645	1.0	2.4766673398017884
646	0.74	2.289068865776062
647	0.6	1.5129655528068542
648	0.54	1.3398397642374038
649	0.74	1.7065158689022064
650	0.34	1.3681421369314193
651	0.56	1.4074346232414245
652	0.46	1.7936352038383483
653	0.6	1.7251666271686554
654	0.84	1.7930827450752258
655	0.4	1.7059570395946502
656	0.4	1.824644047021866
657	0.32	1.453942928314209
658	0.6	2.0168925452232362
659	0.82	1.3285279774665832
660	0.58	1.813142521381378
661	0.98	2.247197861671448
662	0.56	1.078300388455391
663	0.52	1.9677335977554322
664	0.32	1.557725995182991
665	0.52	2.307938451766968
666	0.7	1.3333370578289032
667	0.42	1.416515464782715
668	0.84	1.4739369356632233
669	0.84	1.2616529750823975
670	0.78	2.041334102153778
671	0.8	2.155935115814209
672	0.88	1.7505026245117188
673	0.28	1.3302024745941161
674	0.78	1.6617765474319457
675	0.42	1.7632541286945342
676	0.52	1.7693761968612671
677	0.54	1.655100439786911
678	0.56	1.5678208816051482
679	0.74	1.4490302217006683
680	0.84	1.1334813529253005
681	0.28	1.484818229675293
682	0.72	1.3861288261413574
683	0.56	1.4599720883369445
684	0.84	1.5729567909240723
685	0.96	1.5407931876182557
686	0.6	1.6721285140514375
687	0.8	2.12900749206543
688	0.9	1.4986694955825806
689	0.32	1.7747436964511871
690	0.84	2.1328125047683715
691	0.54	1.5138871157169342
692	0.46	1.9096763467788695
693	0.62	1.8959143817424775
694	0.86	2.0940445578098297
695	0.58	1.5554528057575225
696	0.58	1.534010283946991
697	0.62	1.807676954269409
698	0.78	1.954679138660431
699	0.8	1.6996907103061676
700	0.64	1.1292095899581909
701	0.92	1.1455508625507356
702	0.7	1.6054145407676697
703	0.68	2.225290582180023
704	0.74	1.6812743079662322
705	0.62	1.754722582101822
706	0.48	1.958478569984436
707	0.74	1.6934386885166168
708	0.5	1.4402371406555177
709	0.64	1.758330261707306
710	0.38	1.4397221839427947
711	0.6	1.2231313872337342
712	0.68	1.3740636837482452
713	0.92	1.0815122747421264
714	0.72	1.4374701142311097
715	0.78	1.7412468099594116
716	0.74	1.9945878326892852
717	0.68	2.009860508441925
718	0.46	1.5744754469394684
719	0.82	1.401309391260147
720	0.7	1.5030576372146607
721	0.56	2.140493859052658
722	0.82	1.7345459985733032
723	0.72	1.9668770003318787
724	0.74	1.7602136254310607
725	0.38	1.4997803723812104
726	0.88	1.4422010457515717
727	0.86	1.6574669075012207
728	0.4	1.8867725586891175
729	0.5	1.6546261405944824
730	0.66	2.2329460167884827
731	0.44	1.6289855635166168
732	0.8	1.3684375131130218
733	0.34	1.4683601731061935
734	0.68	1.8836878323554993
735	0.64	1.933692615032196
736	0.76	1.4343590450286865
737	0.58	2.0860479253530504
738	0.68	2.497116162776947
739	0.9	1.6968773865699769
740	0.24	1.6986160612106322
741	0.66	2.5023883843421935
742	0.38	1.2213289225101471
743	0.68	1.7305133771896362
744	0.4	1.4436344122886657
745	0.6	1.1664421248435974
746	0.84	1.749718998670578
747	0.6	1.5329575860500335
748	0.36	1.6307573485374451
749	0.72	1.3675514090061187
750	0.56	1.5589819836616516
751	0.58	1.7333314740657806
752	0.66	1.6889377427101135
753	0.64	1.6659339141845704
754	0.48	1.714172500371933
755	0.92	1.5639353573322297
756	0.74	1.7724884366989135
757	0.74	1.6966266667842864
758	0.54	1.873820152282715
759	0.7	1.5270368361473083
760	0.72	1.5696791350841521
761	0.66	1.5281293928623199
762	0.5	1.995525348186493
763	0.8	1.4276458871364595
764	0.42	1.7782310402393342
765	0.64	1.8706206262111664
766	0.86	2.0664293646812437
767	0.48	1.6001981043815612
768	0.8	2.060544091463089
769	0.68	1.3914353507757187
770	0.78	1.868178414106369
771	0.88	1.130164214372635
772	0.58	1.601748239994049
773	0.52	1.2020129203796386
774	0.74	1.6412559866905212
775	0.58	1.9980954813957215
776	0.6	1.7694200444221497
777	0.64	1.4108820927143098
778	0.54	1.622433831691742
779	0.9	1.9801733946800233
780	0.86	1.4589696192741395
781	0.88	2.0542526268959045
782	0.18	1.5114712274074555
783	0.9	1.257499212026596
784	0.26	1.456561300754547
785	0.62	1.4441350436210632
786	0.66	1.6382330191135406
787	0.48	1.8785443222522735
788	0.62	2.290902018547058
789	0.72	1.5493857669830322
790	0.58	2.1415828227996827
791	0.72	2.1582453882694246
792	0.44	1.7894690489768983
793	0.6	1.613400422334671
794	0.58	1.4463341081142425
795	0.72	1.6877296018600463
796	0.68	1.5399007666110993
797	0.64	1.6315182590484618
798	0.68	1.447212619781494
799	0.32	1.4531600749492646
800	0.94	2.511336102485657
801	0.86	1.6777248060703278
802	0.88	1.6839030539989472
803	0.82	1.6842087697982788
804	0.48	1.2979177343845367
805	0.88	1.575181757211685
806	0.5	1.7404241156578064
807	0.74	1.7561364185810089
808	0.56	1.9300992465019227
809	0.12	1.5939465153217316
810	0.56	1.6342833280563354
811	0.5	1.5220125246047973
812	0.84	1.439257020354271
813	0.24	1.4991912400722505
814	0.84	1.6663460671901702
815	0.58	1.8827869927883147
816	0.74	1.4737232911586762
817	0.72	1.9108625698089599
818	0.24	1.1952080762386321
819	0.6	1.7844730520248413
820	0.94	1.8736495614051818
821	0.92	1.7749904417991638
822	0.86	2.061043932437897
823	0.62	1.4530907189846038
824	0.46	2.1896113681793214
825	0.72	2.3034969115257264
826	0.44	1.6263221502304077
827	0.58	1.540705908536911
828	0.58	1.7470388281345368
829	0.86	1.9923580932617186
830	0.6	2.1554488253593447
831	0.82	1.2406385576725005
832	0.86	1.7528639137744904
833	0.7	1.5778619158267975
834	0.46	1.4474338328838348
835	0.58	1.8516960060596466
836	0.3	1.5916733068227769
837	0.1	1.7302702379226684
838	0.38	1.7280082082748414
839	0.48	1.875062962770462
840	0.72	1.4832597249746322
841	0.36	1.4222871518135072
842	0.6	1.8366282677650452
843	0.64	1.988667495250702
844	0.44	1.1690401875972747
845	0.44	1.3353535509109498
846	0.7	1.3266230881214143
847	0.82	1.7442163515090943
848	0.38	1.507297910451889
849	0.62	1.4101933157444
850	0.62	1.7861112880706786
851	0.52	1.4731975495815277
852	0.74	1.5144698590040206
853	0.86	2.0076291370391846
854	0.78	1.5869782400131225
855	0.66	1.507150840163231
856	0.62	1.9554404377937318
857	0.6	2.143797037601471
858	0.64	2.1811268389225007
859	0.6	1.3327471268177034
860	0.5	2.0554276871681214
861	0.7	1.3911001324653625
862	0.76	1.6142023980617524
863	0.84	2.1043901455402376
864	0.62	1.7963273239135742
865	0.66	2.4022660303115844
866	0.64	2.2396675717830656
867	0.74	1.6289911603927612
868	0.46	1.909046561717987
869	0.42	1.6041892445087433
870	0.66	2.041231245994568
871	0.82	1.3999693059921265
872	0.56	1.5931827902793885
873	0.88	1.8820762944221496
874	0.9	1.978915412425995
875	0.7	1.826959103345871
876	0.36	1.2910901659727096
877	0.66	1.9218813693523407
878	0.7	1.9030062246322632
879	0.46	1.961278692483902
880	0.74	1.995163037776947
881	0.82	1.3557764625549316
882	0.5	1.5331692492961884
883	0.42	1.6070161020755769
884	0.72	1.6998150527477265
885	0.2	1.8490533304214478
886	0.9	2.2411061000823973
887	0.54	2.231363604068756
888	0.74	1.8507366132736207
889	0.6	1.8001414966583251
890	0.94	1.8705161607265473
891	0.76	1.7409717738628387
892	0.6	1.5524577546119689
893	0.34	1.664465081691742
894	0.66	1.3857896184921266
895	0.74	1.131920030117035
896	0.78	0.9909127879142762
897	0.68	1.321663749217987
898	0.4	1.745218825340271
899	0.18	1.43011159658432
900	0.92	1.4139656329154968
901	0.7	1.3577563047409058
902	0.68	1.248497703075409
903	0.74	1.3769279944896697
904	0.68	2.0826646316051485
905	0.56	1.5904312860965728
906	0.26	1.4098620903491974
907	0.34	1.8202431559562684
908	0.36	1.2340581119060516
909	0.34	1.8548533153533935
910	0.4	1.5658302897214889
911	0.42	2.0607665014266967
912	0.72	2.1926199793815613
913	0.78	1.4972600400447846
914	0.78	1.506967487335205
915	0.92	1.8491059386730193
916	0.98	1.887020480632782
917	0.64	2.7683282923698425
918	0.78	1.7780197882652282
919	0.7	1.8596340894699097
920	0.7	1.551120052933693
921	0.44	2.0705121850967405
922	0.7	1.690611451268196
923	0.52	1.8784984850883484
924	0.62	1.9856923580169679
925	0.72	1.360434867143631
926	0.92	1.9725119662284851
927	0.9	1.6324928176403046
928	0.32	1.690637755393982
929	0.54	1.6198369789123535
930	0.6	1.9140485334396362
931	0.6	1.9449557542800904
932	0.66	1.9896719646453858
933	0.72	1.8280855345726013
934	0.62	1.8758800864219665
935	0.56	1.5921440768241881
936	0.86	2.1105863308906554
937	0.88	2.108144145011902
938	0.8	1.900692365169525
939	0.68	2.034070863723755
940	0.82	1.5051371216773988
941	0.78	1.8111204314231872
942	0.68	1.6063950860500336
943	0.5	1.9192227292060853
944	0.78	2.217802143096924
945	0.78	1.7465939927101135
946	0.9	2.289183692932129
947	0.38	2.27375917673111
948	0.8	1.2800892829895019
949	0.62	2.127447791099548
950	0.72	1.553656725883484
951	0.82	1.601442928314209
952	0.8	1.723921800851822
953	0.82	2.162100212574005
954	0.84	1.7527315926551819
955	0.92	2.2907441902160643
956	0.86	1.6479795098304748
957	0.8	1.975143883228302
958	0.68	1.7994395673274994
959	0.84	1.8808271050453187
960	0.44	1.87856107711792
961	0.28	1.6430030286312103
962	0.54	2.0649677181243895
963	0.66	2.370678815841675
964	0.68	1.6979739332199097
965	0.62	1.7426295375823975
966	0.68	1.3974362182617188
967	0.48	1.425732227563858
968	0.38	1.4664230006933212
969	0.52	1.5240517413616181
970	0.42	1.6275725495815276
971	0.66	1.7634709751605988
972	0.6	1.7943044471740723
973	0.66	2.17058354139328
974	0.98	1.1564289796352387
975	0.58	1.6449314439296723
976	0.44	1.4260311752557755
977	0.52	1.2523752337694167
978	0.5	1.5050821232795715
979	0.82	1.9828340196609497
980	0.76	1.1808677524328233
981	0.78	1.8704013907909394
982	0.62	1.889475438594818
983	0.72	1.5011742687225342
984	0.96	2.032366075515747
985	0.94	1.892579324245453
986	1.0	1.9074788868427277
987	0.36	2.2238468527793884
988	0.88	1.9769623017311095
989	0.96	1.7944989693164826
990	0.86	1.9966386365890503
991	0.96	2.257584125995636
992	0.86	2.5777287888526916
993	0.96	2.2713532614707947
994	0.88	2.154323178529739
995	1.0	2.1802463340759277
996	0.84	2.2829488134384155
997	0.6	2.0434813404083254
998	0.58	1.9536798465251923
999	0.22	1.3190800404548646
