0	0.9	2.1737053287029267
1	0.88	1.4610554844141006
2	0.68	1.248487331867218
3	0.72	1.08724569439888
4	0.74	1.0245312517881393
5	0.8	1.5855612260103227
6	0.34	1.6052702486515045
7	0.7	2.049987646341324
8	0.88	2.2778140997886656
9	0.98	1.8360694420337678
10	0.82	1.7896751594543456
11	0.86	1.5223788213729859
12	0.86	1.571224491596222
13	0.94	1.5606281971931457
14	0.88	1.7326654183864594
15	0.9	1.962421066761017
16	0.74	1.672646291255951
17	0.88	1.6880341351032258
18	0.76	2.0781512904167174
19	0.94	1.4860917568206786
20	0.84	1.779183669090271
21	0.84	1.439364631175995
22	0.82	1.417843189239502
23	0.82	1.7101626265048981
24	0.94	2.018746802806854
25	0.88	2.531022801399231
26	0.74	1.8430763840675355
27	0.72	2.0018435168266295
28	0.82	2.114896756410599
29	0.86	1.4641007709503173
30	0.74	2.169579071998596
31	0.64	1.6602040827274323
32	0.5	1.8276120227575303
33	0.74	1.7928786516189574
34	0.62	1.8237783265113832
35	0.52	1.9444830071926118
36	0.52	2.115080897808075
37	0.7	2.296605558395386
38	0.76	1.7325271224975587
39	0.74	2.246994585990906
40	0.52	1.5876618325710297
41	0.9	2.3915055060386656
42	0.74	2.002148840427399
43	0.84	2.166142375469208
44	0.58	2.148493707180023
45	0.74	2.2421894907951354
46	0.36	1.8465553319454193
47	0.74	1.964480242729187
48	0.86	2.1548971557617187
49	0.64	2.0681030631065367
50	0.7	1.990727835893631
51	0.86	1.9075757324695588
52	0.74	2.094155775308609
53	0.74	1.7199055278301238
54	0.56	2.2108824968338014
55	0.36	1.808446673154831
56	0.74	2.128478569984436
57	0.82	2.482924506664276
58	0.64	2.0288655829429625
59	0.62	1.4901678001880645
60	0.36	2.072521526813507
61	0.68	2.086413422822952
62	0.48	2.1325837111473085
63	0.86	1.8699226558208466
64	0.64	1.6576127922534942
65	0.62	2.023533579111099
66	0.48	2.0952686417102813
67	0.56	2.357604833841324
68	0.28	2.065447620153427
69	0.94	1.8292358946800231
70	0.78	1.6180185794830322
71	0.86	1.7399003434181213
72	0.88	1.587409543991089
73	0.66	1.5467538237571716
74	0.18	1.5346097612380982
75	0.78	1.4876841616630554
76	0.88	2.0749182856082915
77	0.54	1.8961559236049652
78	0.74	1.5369838190078735
79	0.64	1.955394606590271
80	0.92	1.7249454045295716
81	0.82	1.932550231218338
82	0.82	2.241025608778
83	0.94	1.9415027070045472
84	0.88	2.552792181968689
85	0.82	2.0213536369800567
86	0.78	2.0944112861156463
87	0.94	1.4970942330360413
88	0.86	2.0015050888061525
89	0.8	1.658834498524666
90	0.96	2.0570316433906557
91	0.88	2.118015785217285
92	0.96	1.3603918266296386
93	0.8	1.8623592877388
94	0.86	1.2480325305461883
95	0.92	1.5052539134025573
96	0.86	1.877078673839569
97	0.8	1.8454970586299897
98	0.86	1.721966676712036
99	0.62	1.8613113844394684
100	0.98	1.7717550241947173
101	0.62	2.116700804233551
102	0.98	2.6407561230659486
103	0.7	1.4472939252853394
104	0.72	2.163207905292511
105	0.82	2.1545990037918092
106	0.72	1.8503734874725342
107	0.84	1.3443215757608413
108	0.58	2.3700765347480774
109	0.88	2.23414462685585
110	0.84	2.504966928958893
111	0.9	0.897526308298111
112	0.7	1.6088532316684723
113	0.72	1.935955811738968
114	0.66	2.0639130330085753
115	0.68	2.145596317052841
116	0.82	2.3363408708572386
117	0.82	1.7863221442699433
118	0.72	2.109738118648529
119	0.6	2.3334721684455872
120	0.72	1.9595587277412414
121	0.8	2.210903220176697
122	0.86	2.1489795804023744
123	0.76	2.471348428726196
124	0.34	2.0717219305038452
125	0.68	1.8751068270206452
126	0.68	1.735391824245453
127	0.78	1.5742283099889756
128	0.8	1.8681744319200515
129	0.98	1.8270408296585083
130	0.88	1.7661591267585754
131	0.86	2.1426829612255096
132	0.92	1.6016222947835923
133	0.84	2.3990616858005525
134	0.62	1.8767673790454864
135	0.94	2.1972696101665496
136	0.88	2.3693722116947176
137	0.88	1.7951905417442322
138	0.92	2.1443108463287355
139	0.96	1.8266796779632568
140	0.74	1.750744183063507
141	0.86	1.7028846383094787
142	0.8	1.7404958617687225
143	0.84	1.5806437450647355
144	0.92	1.6856744241714479
145	0.88	1.730435265302658
146	0.88	1.664791134595871
147	0.88	1.7628511810302734
148	0.94	1.6117809402942658
149	0.84	1.161813622713089
150	0.74	1.7655524706840515
151	0.6	1.6007872116565705
152	0.78	1.523143332004547
153	0.74	1.407238519191742
154	0.78	1.535992101430893
155	0.68	1.6267601811885835
156	0.9	1.7153555536270142
157	0.92	1.7668164122104644
158	0.68	1.7246564102172852
159	0.68	1.9384992957115172
160	0.92	1.8896145558357238
161	0.78	1.7207963967323303
162	0.64	1.715558043718338
163	0.5	1.7230735635757446
164	0.76	1.8816442263126374
165	0.66	1.7779851102828979
166	0.74	1.696503518819809
167	0.42	1.7281911587715149
168	0.74	1.8486136770248414
169	0.94	1.7151769757270814
170	0.6	1.851686863899231
171	0.76	1.6432772719860076
172	0.72	1.8824481821060182
173	0.7	1.8056871807575225
174	0.86	1.7418199825286864
175	0.7	1.892266811132431
176	0.8	1.801413415670395
177	0.8	1.8662404203414917
178	0.9	1.7661415791511537
179	0.66	1.9560905647277833
180	0.66	1.6640489530563354
181	0.88	1.7664210021495819
182	0.72	1.8318530964851378
183	0.78	1.792246081829071
184	0.62	1.8260534858703614
185	0.58	1.8901371240615845
186	0.64	1.7428583335876464
187	0.54	1.8271384727954865
188	0.72	2.0216055381298066
189	0.7	1.7969885993003845
190	0.84	1.4150318729877471
191	0.74	1.9188444650173186
192	0.72	1.8720460057258606
193	0.52	1.8937224984169005
194	0.86	1.651531012058258
195	0.88	1.6503348338603974
196	0.56	1.707334578037262
197	0.6	1.9574764859676361
198	0.88	1.971821608543396
199	0.72	1.7857318210601807
200	0.66	1.8954005718231202
201	0.52	1.887112956047058
202	0.66	1.8924497747421265
203	0.9	1.526855857372284
204	0.56	1.5207577335834503
205	0.8	1.7989596772193908
206	0.72	1.9165800285339356
207	0.86	1.8190573179721832
208	0.86	1.5547855687141419
209	0.7	1.8137221074104308
210	0.8	2.033430714607239
211	0.62	1.7413958883285523
212	0.82	1.7744240319728852
213	0.76	1.868282856941223
214	0.78	1.8578631234169007
215	0.86	1.745287367105484
216	0.9	1.8461969649791719
217	0.86	1.853832914829254
218	0.9	1.9725816988945006
219	0.72	1.8067386746406555
220	0.72	1.7917861199378968
221	0.78	1.9896675419807435
222	0.66	1.4813719654083253
223	0.8	1.5961204636096955
224	0.66	1.6596133494377137
225	0.86	1.8403065264225007
226	0.56	1.8068562626838685
227	0.76	1.80120774269104
228	0.86	1.824302842617035
229	0.84	1.5854045617580415
230	0.52	1.6486348080635072
231	0.66	1.8211838436126708
232	0.72	1.8444933676719666
233	0.72	1.8828886294364928
234	0.8	1.8328216660022736
235	0.66	1.90326730966568
236	0.66	1.9007238602638246
237	0.62	1.8067307043075562
238	0.5	1.707044805288315
239	0.92	1.7582744669914245
240	0.28	1.9283681416511536
241	0.72	1.7857995927333832
242	0.7	1.8554049468040466
243	0.8	1.8776235675811768
244	0.88	1.7240198469161987
245	0.82	1.5251913237571717
246	0.64	1.7710710346698761
247	0.88	1.6998453545570373
248	0.5	1.6042331039905549
249	0.64	1.7420751070976257
250	0.58	1.6636188590526582
251	0.92	1.8285861599445343
252	0.86	1.6463616132736205
253	0.72	1.7674079191684724
254	0.88	1.749020245075226
255	0.98	1.9188691759109497
256	0.76	1.7016900420188903
257	0.66	1.497129317522049
258	0.9	1.3501239717006683
259	0.88	1.5833466267585754
260	0.82	1.7452284049987794
261	0.86	1.6509111964702605
262	0.88	1.6739740085601806
263	0.64	1.6060499107837678
264	0.82	1.96158203125
265	0.42	1.4925167405605315
266	0.54	1.542418701648712
267	0.78	1.8087145173549652
268	0.88	1.6835100531578064
269	0.68	1.7648517084121704
270	0.88	1.6359506511688233
271	0.54	1.8042159461975098
272	0.54	1.8329512059688569
273	0.7	1.922908148765564
274	0.88	2.1061391949653627
275	0.96	2.247197871208191
276	0.9	2.006281102895737
277	0.62	1.7754025959968567
278	0.68	2.193818974494934
279	0.9	1.5147532796859742
280	0.68	1.8767039966583252
281	0.66	1.7284976840019226
282	0.12	1.9045623183250426
283	0.86	1.2912539792060853
284	0.92	1.4657625150680542
285	0.52	1.6224477875232697
286	0.88	1.8565465378761292
287	0.68	1.7996846985816957
288	0.86	2.0867406725883484
289	0.86	1.9384295320510865
290	0.72	2.3377172422409056
291	0.88	1.7740589261054993
292	0.92	2.1223421561717988
293	0.9	2.154065272808075
294	0.96	1.8050111579895018
295	0.72	1.915836262702942
296	0.82	1.3390736711025237
297	0.72	1.5481261897087097
298	0.64	1.9535574758052825
299	0.78	1.7458713340759278
300	0.88	2.075816340446472
301	0.82	1.766509871482849
302	0.76	1.7655564284324645
303	0.64	1.8164285790920258
304	0.56	1.6268327629566193
305	0.76	2.1374437952041627
306	0.8	1.789422844648361
307	0.76	1.4479356682300568
308	0.68	1.7493873393535615
309	0.64	1.9681716322898866
310	0.7	1.5909809482097625
311	0.6	1.6987479960918426
312	0.6	1.632851974964142
313	0.54	1.69404296875
314	0.66	1.6117614030838012
315	0.58	1.4534964895248412
316	0.88	1.8876594471931458
317	0.86	1.6000486171245576
318	0.76	1.3772014379501343
319	0.64	1.5838735711574554
320	0.9	1.4157405984401703
321	0.92	2.1156815838813783
322	0.9	1.9848577189445495
323	0.88	2.3565082859992983
324	0.9	1.7624940180778503
325	0.92	1.9045184993743896
326	0.9	1.6013002002239227
327	0.84	2.363468973636627
328	0.78	2.3278248381614683
329	0.64	2.1281361711025237
330	0.7	2.0093399238586427
331	0.88	1.8755508589744567
332	0.92	1.4513891077041625
333	0.98	1.519464272260666
334	0.84	2.293525598049164
335	0.84	1.8904252982139587
336	0.88	2.2527518939971922
337	0.76	2.0439664471149444
338	0.68	1.6094503474235535
339	0.94	2.0669463658332825
340	0.94	2.2982971811294557
341	0.48	2.0355349242687226
342	0.76	2.0617016100883485
343	0.88	2.081232851743698
344	0.86	1.8099131059646607
345	0.48	2.0643395042419432
346	0.78	2.0364899682998656
347	0.88	1.9130664205551147
348	0.32	2.00765305519104
349	0.86	2.065955059528351
350	0.92	2.0184940946102143
351	0.96	1.8000131583213805
352	0.8	2.120102038383484
353	0.66	1.9689636468887328
354	0.92	2.0348688626289366
355	0.76	1.759034206867218
356	0.44	1.8798644542694092
357	0.8	1.99436980843544
358	0.38	1.4413305246829986
359	0.72	1.7128603267669678
360	0.74	1.7120392179489137
361	0.8	1.9546607947349548
362	0.86	1.9241565668582916
363	0.88	2.309896757602692
364	0.98	2.14673907160759
365	0.84	1.9248644852638244
366	0.68	1.7449796497821808
367	0.76	1.7966984224319458
368	0.74	1.7692243206501006
369	0.74	1.606295040845871
370	0.82	1.9115844130516053
371	0.62	1.7656142473220826
372	0.84	1.7440222477912903
373	0.62	1.6914098358154297
374	0.56	1.4915266311168671
375	0.84	1.8765597128868103
376	1.0	2.19244220495224
377	0.66	1.7476255536079406
378	0.7	2.0422692024707794
379	0.78	2.168068015575409
380	0.58	1.9672763848304748
381	0.38	1.9543626427650451
382	0.68	1.7658322906494142
383	0.74	1.9224892342090607
384	0.88	2.1836475491523744
385	0.66	1.8062424337863923
386	0.36	1.8715469598770142
387	0.94	1.9347193932533264
388	0.94	1.7939692068099975
389	0.76	1.7550139677524568
390	0.6	2.1070308566093443
391	0.72	1.7737683296203612
392	0.98	1.9297664201259612
393	0.64	2.229225140810013
394	0.66	1.69566366314888
395	0.68	1.7118666446208954
396	0.94	2.5610192036628723
397	0.68	1.944326378107071
398	0.76	1.7072217750549317
399	0.82	1.383248552083969
400	0.58	1.9803392052650453
401	0.76	1.7426080286502839
402	0.42	1.707843190431595
403	0.72	1.3139552676677704
404	0.88	1.2244200360774995
405	0.7	1.0170161002874374
406	0.68	2.4412767052650453
407	0.88	2.0746025967597963
408	0.66	1.7643514752388
409	0.6	1.539638477563858
410	0.84	2.427871506214142
411	0.58	2.0415541279315947
412	0.42	1.6913353085517884
413	0.62	1.8518084216117858
414	0.28	1.6156983399391174
415	0.32	2.117654266357422
416	0.7	1.484459512233734
417	0.88	1.4800629830360412
418	0.54	1.360876526236534
419	0.58	1.2687165236473084
420	0.82	1.7884972822666168
421	0.64	1.7664118266105653
422	0.6	1.5257964038848877
423	0.8	1.8417239236831664
424	0.42	1.924110723733902
425	0.92	1.9085411310195923
426	0.84	1.6376159822940826
427	0.6	1.6913592147827148
428	0.64	2.2374047350883486
429	0.7	1.8115832221508026
430	0.82	1.8865110778808594
431	0.74	1.53302414894104
432	0.86	1.5491226947307586
433	0.58	1.8188524448871612
434	0.46	1.598989156484604
435	0.34	1.3145089161396026
436	0.6	1.9343718075752259
437	0.7	1.2477786108851432
438	0.56	1.4326725900173187
439	0.8	2.0018175935745237
440	0.68	1.9272660303115845
441	0.58	1.663346598148346
442	0.66	1.6656744360923768
443	0.54	1.7934669947624207
444	0.8	2.3153340291976927
445	0.44	1.8532792484760285
446	0.6	1.2971763390302657
447	0.5	1.6893933343887328
448	0.76	2.029001928567886
449	0.78	2.028432730436325
450	0.82	1.654485409259796
451	0.78	1.5926630306243896
452	0.58	1.8547656178474425
453	0.68	1.9742394876480103
454	0.4	2.248141736984253
455	0.52	2.0745168995857237
456	0.7	1.840049810409546
457	0.48	1.3944208419322968
458	0.88	2.2196109771728514
459	0.64	1.418523200750351
460	0.5	1.4369969683885575
461	0.46	1.692457344532013
462	0.6	1.9870424020290374
463	0.58	1.6535913634300232
464	0.38	1.639797922372818
465	0.66	1.5894491279125214
466	0.98	1.7808003759384154
467	0.78	2.409596235752106
468	0.68	2.058636796474457
469	0.5	1.9095228898525238
470	0.58	1.3902825975418092
471	0.78	1.9038695669174195
472	0.92	2.028070795536041
473	0.56	1.0765011179447175
474	0.62	1.782785392999649
475	0.88	1.5541286647319794
476	0.96	2.5178161025047303
477	0.64	1.830693953037262
478	0.38	1.4316772937774658
479	0.4	1.8324131107330321
480	0.62	1.5769056767225265
481	0.48	1.7025027883052826
482	0.34	1.5256357705593109
483	0.76	1.8411758601665498
484	0.64	1.4869164621829987
485	0.28	1.4707146883010864
486	0.76	1.7817191410064697
487	0.68	1.4363584268093108
488	0.32	1.6567797291278838
489	0.5	2.279924694299698
490	0.66	2.040172605514526
491	0.82	2.084510499238968
492	0.58	1.679279730319977
493	0.34	1.3224577617645263
494	0.52	1.7115070950984954
495	0.72	1.7644383800029755
496	0.82	1.7715493416786194
497	0.54	1.9618562638759613
498	0.6	1.7726977217197417
499	0.32	1.6555715799331665
500	0.84	1.9894655013084412
501	0.3	1.6774940252304078
502	0.5	1.6890533316135405
503	0.56	1.425855004787445
504	0.36	1.5067012238502502
505	0.6	1.4980141890048981
506	0.66	2.0981289851665497
507	0.66	1.5144842147827149
508	0.52	1.5518985140323638
509	0.58	2.726674106121063
510	0.8	1.5128364276885986
511	0.68	1.7034976863861084
512	0.78	1.188281650543213
513	0.46	1.8037360465526582
514	0.66	1.8724784755706787
515	0.5	1.7069483399391174
516	0.36	1.5567558109760284
517	0.7	1.5994256281852721
518	0.9	1.5218028545379638
519	0.52	1.9220778727531433
520	0.66	1.7299473905563354
521	0.6	1.707720433473587
522	0.8	2.1504543900489805
523	0.32	1.5842765367031098
524	0.5	1.8324669241905212
525	0.7	1.6026622295379638
526	0.58	1.6894427633285523
527	0.5	1.5689696228504182
528	0.86	1.5675972676277161
529	0.64	1.5852562844753266
530	0.54	1.2760754090547561
531	0.48	1.7218825793266297
532	0.74	1.7580899310112
533	0.86	2.5551686120033263
534	0.42	1.6187061536312104
535	0.9	2.008060429096222
536	0.52	1.8102323746681213
537	0.92	1.899394142627716
538	0.72	2.088860418796539
539	0.44	1.6815888178348541
540	0.88	1.5291099333763123
541	0.46	1.843396453857422
542	0.38	1.451551331281662
543	0.38	1.6700051927566528
544	0.64	1.9516960215568542
545	0.86	1.876177864074707
546	0.68	1.9126363229751586
547	0.9	2.0813097977638244
548	0.92	1.4957752692699433
549	0.48	1.4754631757736205
550	0.78	1.1419256186485292
551	0.74	1.370477912425995
552	0.82	1.7852838039398193
553	0.78	1.1798720419406892
554	0.92	1.502429451942444
555	0.76	2.1519874119758606
556	0.52	1.7662049591541291
557	0.68	1.2260048681497573
558	0.28	1.8348967576026916
559	0.64	1.7860678327083588
560	0.84	2.0810949420928955
561	0.84	2.1280679965019225
562	0.82	1.7944220340251922
563	0.74	1.3510790026187898
564	0.86	1.7188524317741394
565	0.98	1.8718797731399537
566	0.72	2.056706790924072
567	0.36	1.672648276090622
568	0.7	1.6820093297958374
569	0.8	1.7781253957748413
570	0.74	1.4755959010124207
571	0.74	1.9590230417251586
572	0.6	1.4744973754882813
573	0.82	1.8983697533607482
574	0.86	1.3957150733470918
575	0.74	2.0024186730384828
576	0.94	2.046730296611786
577	0.86	1.54862286567688
578	0.72	1.6572811651229857
579	0.64	1.6647979032993316
580	0.8	2.4123186445236207
581	0.7	1.9836750650405883
582	0.6	2.6655564451217653
583	0.86	1.8412511873245239
584	0.46	1.720524559020996
585	0.28	1.5676534712314605
586	0.68	1.8362607550621033
587	0.38	1.599339919090271
588	0.62	2.1052714562416077
589	0.46	1.4815094864368439
590	0.58	1.4110758078098298
591	0.74	1.5805927181243897
592	0.68	1.7197712087631225
593	0.68	1.5847022545337677
594	0.92	2.089427614212036
595	0.72	1.9040589332580566
596	0.44	1.9423250269889831
597	0.62	1.7573999559879303
598	0.64	1.4624358212947846
599	0.58	2.3756058406829834
600	0.22	1.5156640708446503
601	0.58	1.9202032804489135
602	0.62	1.778835690021515
603	0.78	2.1234737634658813
604	0.86	1.385613442659378
605	0.62	1.3044925844669342
606	0.72	1.3217291152477264
607	0.94	1.331133210659027
608	0.64	1.8658741211891174
609	0.74	1.9380620312690735
610	0.72	1.4664110362529754
611	0.76	2.377945626974106
612	0.92	2.245934705734253
613	0.7	1.4168809700012206
614	0.82	2.143679450750351
615	0.7	1.1832764689624309
616	0.64	1.8522102165222167
617	0.74	1.4334968960285186
618	0.26	1.7686651062965393
619	0.5	1.4389074492454528
620	0.12	1.471143169403076
621	0.8	2.126550142765045
622	0.36	1.5258637511730193
623	0.24	1.4297987174987794
624	0.58	2.193826515674591
625	0.94	1.849121081829071
626	0.46	1.3799461865425109
627	0.74	1.699210785627365
628	0.84	1.5563735735416413
629	0.74	1.441723129749298
630	0.84	1.6261292243003844
631	0.56	1.3727283835411073
632	0.56	1.2238986778259278
633	0.36	1.4766286611557007
634	0.76	2.0796225380897524
635	0.62	1.771362019777298
636	0.68	1.4500223225355149
637	0.74	1.8509419006109238
638	0.22	1.697952800989151
639	0.46	1.721721931695938
640	0.92	2.350875720977783
641	0.74	1.3983262753486634
642	0.78	2.089915918111801
643	0.48	1.9799824523925782
644	0.54	1.2282585275173188
645	1.0	2.5355421233177187
646	0.76	2.347241315841675
647	0.6	1.5508533930778503
648	0.54	1.372871497273445
649	0.74	1.7506780076026915
650	0.32	1.4022229707241058
651	0.56	1.4421221220493317
652	0.52	1.8361399972438812
653	0.62	1.7664700210094453
654	0.84	1.8346201395988464
655	0.42	1.747028043270111
656	0.4	1.8675031995773315
657	0.3	1.4896261274814606
658	0.62	2.0666306686401366
659	0.82	1.3625362730026245
660	0.58	1.8567402744293213
661	0.98	2.299516897201538
662	0.54	1.1066996210813522
663	0.48	2.014649248123169
664	0.34	1.594990439414978
665	0.54	2.3625542235374453
666	0.72	1.366982215642929
667	0.42	1.4492327058315277
668	0.84	1.5100306904315948
669	0.84	1.2958474206924437
670	0.78	2.088755581378937
671	0.78	2.2077630615234374
672	0.9	1.7960287761688232
673	0.28	1.362810906767845
674	0.76	1.7031879770755767
675	0.44	1.8047026586532593
676	0.52	1.8130492687225341
677	0.52	1.6962400299310685
678	0.56	1.6066601395606994
679	0.76	1.486234849691391
680	0.84	1.1613899105787278
681	0.3	1.5204412508010865
682	0.72	1.4223006963729858
683	0.58	1.4944172430038452
684	0.82	1.612135684490204
685	0.96	1.5780285477638245
686	0.6	1.713191956281662
687	0.82	2.1774477672576906
688	0.9	1.5330943167209625
689	0.3	1.8192279267311096
690	0.82	2.183549518585205
691	0.56	1.5510331630706786
692	0.46	1.9555959057807923
693	0.64	1.9414600586891175
694	0.88	2.1434570074081423
695	0.6	1.5928312253952026
696	0.56	1.5711176693439484
697	0.66	1.8517422747612
698	0.76	2.0011383843421937
699	0.8	1.7382959997653962
700	0.62	1.159209189414978
701	0.92	1.1753308433294296
702	0.7	1.6414353382587432
703	0.64	2.2797923064231873
704	0.72	1.7221293067932129
705	0.6	1.7950940597057343
706	0.5	2.005048220157623
707	0.72	1.7324964141845702
708	0.52	1.4768881595134735
709	0.64	1.8012567698955535
710	0.4	1.4749374222755431
711	0.6	1.251564096212387
712	0.66	1.410265074968338
713	0.92	1.1086248385906219
714	0.7	1.4741792809963226
715	0.78	1.781569676399231
716	0.78	2.040641359090805
717	0.68	2.0571042108535766
718	0.48	1.6121946835517884
719	0.82	1.4371161580085754
720	0.72	1.5401120042800904
721	0.56	2.1915497624874116
722	0.8	1.7744268214702605
723	0.72	2.013776332139969
724	0.76	1.8029480218887328
725	0.32	1.53748046875
726	0.86	1.4779384446144104
727	0.84	1.6983250802755356
728	0.4	1.9330751657485963
729	0.52	1.6937942492961884
730	0.68	2.2887854552268982
731	0.44	1.6689345598220826
732	0.78	1.4005397021770478
733	0.38	1.5049194884300232
734	0.7	1.927191472053528
735	0.62	1.9810614740848542
736	0.76	1.4698597049713136
737	0.58	2.1343666183948518
738	0.68	2.555906023979187
739	0.9	1.7381229972839356
740	0.26	1.7392833256721496
741	0.68	2.5639401364326475
742	0.38	1.250678813457489
743	0.68	1.7692275178432464
744	0.36	1.4798947644233704
745	0.6	1.1947185909748077
746	0.84	1.790164616703987
747	0.62	1.5708075475692749
748	0.34	1.6715716683864594
749	0.7	1.4014062511920928
750	0.58	1.5983593785762786
751	0.56	1.7752861869335175
752	0.64	1.7300765311717987
753	0.62	1.705417730808258
754	0.46	1.753992748260498
755	0.92	1.604023039340973
756	0.74	1.8157868385314941
757	0.78	1.7366816902160644
758	0.54	1.9190198373794556
759	0.72	1.563404406309128
760	0.72	1.6081345570087433
761	0.68	1.5650534242391587
762	0.5	2.042423062324524
763	0.8	1.4618267703056336
764	0.4	1.8212715256214143
765	0.64	1.9141406226158142
766	0.84	2.1147349429130555
767	0.44	1.6386256313323975
768	0.8	2.1092801082134245
769	0.68	1.4262256866693497
770	0.76	1.9123214399814605
771	0.88	1.157437026500702
772	0.58	1.6416342461109161
773	0.48	1.2325338864326476
774	0.74	1.6822492861747742
775	0.6	2.0464863634109496
776	0.6	1.8112607681751252
777	0.7	1.4468172013759613
778	0.54	1.6606401300430298
779	0.92	2.025642148256302
780	0.82	1.4932178819179536
781	0.88	2.1019901859760286
782	0.18	1.5474784684181213
783	0.9	1.288541922569275
784	0.26	1.4930819630622865
785	0.6	1.4804141402244568
786	0.64	1.6782270431518556
787	0.5	1.9246811330318452
788	0.6	2.3431999349594115
789	0.68	1.5835176265239717
790	0.56	2.1903288412094115
791	0.72	2.2085773944854736
792	0.44	1.8332186818122864
793	0.6	1.6526869487762452
794	0.58	1.4827810084819795
795	0.72	1.729209988117218
796	0.66	1.5785275876522065
797	0.62	1.6723238301277161
798	0.7	1.4842374956607818
799	0.32	1.4884956967830658
800	0.92	2.569767625331879
801	0.84	1.720226410627365
802	0.88	1.7251777791976928
803	0.82	1.7247205781936645
804	0.48	1.330757726430893
805	0.9	1.6124501824378967
806	0.5	1.7843076336383819
807	0.76	1.7979293191432952
808	0.58	1.9759151816368103
809	0.12	1.6335909581184387
810	0.56	1.671831158399582
811	0.5	1.5600777220726014
812	0.84	1.4737288749217987
813	0.24	1.5358733308315278
814	0.86	1.7059355056285859
815	0.58	1.930222808122635
816	0.74	1.5113811421394348
817	0.7	1.9560941410064698
818	0.24	1.2255771720409394
819	0.62	1.8273911833763123
820	0.94	1.9186320316791534
821	0.94	1.817879468202591
822	0.84	2.1093670296669007
823	0.58	1.4898684561252593
824	0.48	2.245217227935791
825	0.72	2.3606341791152956
826	0.44	1.666591204404831
827	0.54	1.5782549393177032
828	0.58	1.7893160128593444
829	0.86	2.0374852538108827
830	0.56	2.206231248378754
831	0.84	1.2727164435386658
832	0.86	1.795486283302307
833	0.74	1.6174995923042297
834	0.48	1.483439086675644
835	0.58	1.8992920887470246
836	0.32	1.6301044285297395
837	0.12	1.7715178644657135
838	0.36	1.7702610802650451
839	0.48	1.920180549621582
840	0.72	1.5194866061210632
841	0.38	1.459018244743347
842	0.56	1.8803611302375793
843	0.66	2.036910878419876
844	0.48	1.2005875384807587
845	0.46	1.3686746621131898
846	0.66	1.3602682495117187
847	0.78	1.7873684680461883
848	0.4	1.54254265666008
849	0.6	1.4451690155267716
850	0.66	1.830381851196289
851	0.5	1.5086132848262788
852	0.74	1.5529615652561188
853	0.84	2.0573026871681215
854	0.78	1.6253774774074554
855	0.7	1.5444543302059173
856	0.66	2.0018100357055664
857	0.62	2.1949768900871276
858	0.64	2.231994972229004
859	0.6	1.3645766878128052
860	0.5	2.1017059874534607
861	0.66	1.4269918012619018
862	0.78	1.6535451090335846
863	0.84	2.156296216249466
864	0.6	1.8400255155563354
865	0.64	2.457193877696991
866	0.66	2.2934697592258453
867	0.76	1.669241487979889
868	0.44	1.955365903377533
869	0.48	1.6433223009109497
870	0.64	2.0897692108154295
871	0.8	1.43347536444664
872	0.56	1.631879780292511
873	0.88	1.9263596224784851
874	0.9	2.0246870923042297
875	0.7	1.870601896047592
876	0.38	1.324430011510849
877	0.68	1.9659422743320465
878	0.7	1.9464329504966735
879	0.46	2.0082318067550657
880	0.74	2.0427256274223327
881	0.82	1.386945933699608
882	0.52	1.5712073516845704
883	0.42	1.6467020106315613
884	0.72	1.7429687547683717
885	0.16	1.894380166530609
886	0.9	2.2907445931434633
887	0.5	2.284882426261902
888	0.74	1.8977395713329315
889	0.6	1.8434387016296387
890	0.94	1.9127802217006684
891	0.76	1.7827284133434296
892	0.58	1.5930532610416412
893	0.34	1.706041135787964
894	0.64	1.4196324956417083
895	0.72	1.1604213201999665
896	0.76	1.0173301923274993
897	0.66	1.3552459383010864
898	0.42	1.7877778148651122
899	0.2	1.4664839816093445
900	0.92	1.4500721204280853
901	0.68	1.392344549894333
902	0.68	1.2800705683231355
903	0.74	1.410412141084671
904	0.7	2.1276064348220824
905	0.56	1.6273636829853058
906	0.26	1.444470672607422
907	0.3	1.8632401931285858
908	0.38	1.2655516624450684
909	0.34	1.9001984977722168
910	0.4	1.6057632994651794
911	0.42	2.1112854433059693
912	0.72	2.2461184740066527
913	0.8	1.535574767589569
914	0.78	1.5446906864643097
915	0.92	1.8941031420230865
916	0.98	1.927638714313507
917	0.66	2.831498718261719
918	0.78	1.8212703347206116
919	0.72	1.9034323179721833
920	0.7	1.5887755078077317
921	0.46	2.118436716794968
922	0.7	1.732280769944191
923	0.56	1.9239883518218994
924	0.62	2.0325629472732545
925	0.7	1.3961216557025908
926	0.9	2.019958562850952
927	0.9	1.6730205750465392
928	0.34	1.732486058473587
929	0.54	1.6604707396030427
930	0.6	1.9616346395015716
931	0.6	1.992396767139435
932	0.66	2.0362045514583587
933	0.72	1.8730209636688233
934	0.64	1.9203344202041626
935	0.56	1.6323880004882811
936	0.84	2.162519133090973
937	0.88	2.1584155881404876
938	0.8	1.9468885326385499
939	0.66	2.084676342010498
940	0.82	1.5445910477638245
941	0.76	1.8557513546943665
942	0.7	1.646742273569107
943	0.52	1.9661077022552491
944	0.82	2.270731415748596
945	0.8	1.7880121994018554
946	0.9	2.343936550617218
947	0.36	2.329371005296707
948	0.84	1.3130715894699097
949	0.64	2.1782840597629547
950	0.68	1.5936124765872954
951	0.82	1.6416497933864593
952	0.8	1.7662109339237213
953	0.8	2.213659131526947
954	0.8	1.7941721069812775
955	0.92	2.348712532520294
956	0.86	1.6867466485500335
957	0.8	2.0227969551086424
958	0.68	1.8475167274475097
959	0.82	1.926461250782013
960	0.44	1.9230445051193237
961	0.28	1.684330748319626
962	0.54	2.115196509361267
963	0.72	2.425282192230225
964	0.64	1.7414509057998657
965	0.64	1.784949790239334
966	0.68	1.4312021693587302
967	0.48	1.4610638558864593
968	0.34	1.5029245054721831
969	0.54	1.5620822787284852
970	0.42	1.670590318441391
971	0.66	1.8063624119758606
972	0.54	1.8413520455360413
973	0.66	2.2267566096782683
974	0.96	1.1882529520988465
975	0.56	1.686207754611969
976	0.44	1.4638412833213805
977	0.54	1.2855404973030091
978	0.48	1.543066000342369
979	0.82	2.0342992782592773
980	0.78	1.2135220044851303
981	0.8	1.9146823215484619
982	0.66	1.934942593574524
983	0.72	1.5406712400913238
984	0.96	2.0852542901039124
985	0.94	1.936946359872818
986	1.0	1.9533227181434631
987	0.38	2.2756927704811094
988	0.9	2.0253176927566527
989	0.94	1.8375231313705445
990	0.88	2.0450478482246397
991	0.96	2.3109689688682558
992	0.86	2.6388448524475097
993	0.96	2.3247983121871947
994	0.88	2.205554827451706
995	1.0	2.2321233344078064
996	0.82	2.337238907814026
997	0.6	2.0918793845176697
998	0.56	2.0007142984867095
999	0.22	1.353575417995453
