0	0.92	2.2666665363311767
1	0.9	1.5201813650131226
2	0.7	1.2984570389986039
3	0.72	1.1339465057849885
4	0.78	1.0698935705423356
5	0.8	1.650047436952591
6	0.42	1.6768602633476257
7	0.7	2.134365439414978
8	0.9	2.3728284311294554
9	0.96	1.9136164617538451
10	0.86	1.8613113832473756
11	0.84	1.580117596387863
12	0.86	1.631810439825058
13	0.94	1.6214560735225678
14	0.86	1.7991705179214477
15	0.9	2.040573980808258
16	0.76	1.734333151578903
17	0.9	1.7529583704471587
18	0.8	2.160192115306854
19	0.92	1.5436144733428956
20	0.84	1.850869345664978
21	0.84	1.4954528200626374
22	0.8	1.4710136342048645
23	0.82	1.7794722676277162
24	0.94	2.100468761920929
25	0.9	2.6320970129966734
26	0.76	1.916300607919693
27	0.72	2.0818347251415252
28	0.82	2.2017123663425444
29	0.86	1.5233458125591277
30	0.72	2.258109052181244
31	0.66	1.726576452255249
32	0.46	1.9011296302080154
33	0.7	1.8687468266487122
34	0.62	1.9035885679721831
35	0.54	2.0234263336658476
36	0.58	2.199609773159027
37	0.72	2.387647888660431
38	0.74	1.801776556968689
39	0.76	2.339909112453461
40	0.56	1.650619819164276
41	0.88	2.4907967877388
42	0.74	2.084844164848328
43	0.84	2.2547058343887327
44	0.62	2.236979033946991
45	0.72	2.3361539483070373
46	0.36	1.9210463273525238
47	0.74	2.0429257011413573
48	0.86	2.247973163127899
49	0.7	2.159031803607941
50	0.72	2.0742837202548983
51	0.84	1.9864532780647277
52	0.76	2.180596296787262
53	0.76	1.7903009283542632
54	0.56	2.2992135524749755
55	0.38	1.8809327363967896
56	0.74	2.2160869562625884
57	0.82	2.581738269329071
58	0.64	2.112635133266449
59	0.58	1.5473118615150452
60	0.38	2.158403227329254
61	0.68	2.168972792625427
62	0.48	2.221943953037262
63	0.86	1.9458290898799897
64	0.6	1.7219786262512207
65	0.64	2.111955535411835
66	0.5	2.1832577323913576
67	0.56	2.456081793308258
68	0.26	2.1550235068798065
69	0.96	1.9065445601940154
70	0.82	1.6840880036354064
71	0.8	1.8092944860458373
72	0.88	1.6478750908374786
73	0.66	1.6075685667991637
74	0.18	1.5940959823131562
75	0.78	1.5479472279548645
76	0.86	2.160139503479004
77	0.5	1.9718351399898528
78	0.74	1.5942745637893676
79	0.64	2.0359251415729522
80	0.92	1.7977355742454528
81	0.82	2.0111830580234527
82	0.82	2.331580021381378
83	0.94	2.0212838673591613
84	0.86	2.660112404823303
85	0.82	2.103166848421097
86	0.8	2.178921400308609
87	0.92	1.556061851978302
88	0.88	2.0781600713729858
89	0.8	1.7250753277540207
90	0.96	2.1357067108154295
91	0.88	2.2021404802799225
92	0.94	1.4107405948638916
93	0.84	1.9338596117496492
94	0.86	1.2953966116905213
95	0.92	1.5617171669006347
96	0.86	1.9493666422367095
97	0.76	1.9198302018642426
98	0.9	1.7925689506530762
99	0.6	1.9390907990932464
100	0.98	1.8440250539779663
101	0.58	2.206114876270294
102	0.96	2.7482370066642763
103	0.72	1.5095452046394349
104	0.68	2.2563094019889833
105	0.88	2.243525576591492
106	0.72	1.9308685433864594
107	0.84	1.4026945149898529
108	0.58	2.465762515068054
109	0.88	2.3314855885505676
110	0.86	2.6071978497505186
111	0.88	0.9332007402181626
112	0.68	1.6731748235225679
113	0.72	2.013343415260315
114	0.64	2.146980642080307
115	0.68	2.232549818754196
116	0.84	2.4311774492263796
117	0.86	1.8555321216583252
118	0.72	2.1920595598220824
119	0.64	2.428426742553711
120	0.72	2.0375538265705107
121	0.8	2.297974328994751
122	0.84	2.230918381214142
123	0.74	2.574659192562103
124	0.36	2.153885531425476
125	0.72	1.951802864074707
126	0.7	1.8062344408035278
127	0.78	1.6379241102933884
128	0.8	1.9449892419576644
129	0.98	1.8992653810977935
130	0.9	1.8369559013843537
131	0.86	2.227968742847443
132	0.92	1.667550626397133
133	0.84	2.493453063964844
134	0.62	1.954980080127716
135	0.96	2.2844364058971407
136	0.9	2.462668218612671
137	0.88	1.8693299651145936
138	0.92	2.237483654022217
139	0.96	1.9008649325370788
140	0.76	1.8227435493469237
141	0.86	1.7738480591773986
142	0.82	1.8112739133834839
143	0.84	1.644644445180893
144	0.92	1.7531150341033936
145	0.88	1.8020818579196929
146	0.86	1.734261016845703
147	0.88	1.8372173917293548
148	0.94	1.679601399898529
149	0.86	1.2128125023841858
150	0.76	1.8396360850334168
151	0.62	1.6642307138442993
152	0.8	1.5836451697349547
153	0.74	1.465284595489502
154	0.74	1.5994144511222839
155	0.72	1.6952415347099303
156	0.88	1.7855062174797058
157	0.9	1.8399657034873962
158	0.64	1.793625237941742
159	0.68	2.0189182019233702
160	0.94	1.9665684580802918
161	0.78	1.7902809977531433
162	0.66	1.7866645419597627
163	0.54	1.7940206336975097
164	0.76	1.9589859771728515
165	0.62	1.8499561583995818
166	0.74	1.764877631664276
167	0.44	1.797401144504547
168	0.76	1.9256564819812774
169	0.94	1.7846556305885315
170	0.58	1.9278997945785523
171	0.76	1.7112416160106658
172	0.72	1.9606951594352722
173	0.68	1.878911030292511
174	0.86	1.8155496692657471
175	0.7	1.9711583268642425
176	0.82	1.8746560001373291
177	0.82	1.9445643305778504
178	0.86	1.8387440288066863
179	0.68	2.0382027184963225
180	0.66	1.732189484834671
181	0.86	1.840993709564209
182	0.72	1.9095810747146607
183	0.76	1.864039762020111
184	0.58	1.9011304187774658
185	0.58	1.9703005266189575
186	0.66	1.8149613332748413
187	0.54	1.9013157629966735
188	0.68	2.1083366465568543
189	0.68	1.8732971954345703
190	0.86	1.4719268083572388
191	0.78	1.999343523979187
192	0.72	1.9512962412834167
193	0.54	1.9717167568206788
194	0.84	1.7185670411586762
195	0.9	1.7167881143093109
196	0.56	1.7755309319496155
197	0.62	2.039155761003494
198	0.88	2.0522879338264466
199	0.7	1.8589867758750915
200	0.64	1.9752331805229186
201	0.56	1.9656552934646607
202	0.64	1.9709821510314942
203	0.92	1.589874839782715
204	0.58	1.5843486869335175
205	0.78	1.8730540347099305
206	0.72	1.9991493904590607
207	0.88	1.8941756987571716
208	0.82	1.6195001530647277
209	0.72	1.8900139439105987
210	0.84	2.1176618361473083
211	0.52	1.811709566116333
212	0.8	1.8465150701999664
213	0.76	1.9457142853736877
214	0.82	1.9364787900447846
215	0.86	1.8170866584777832
216	0.9	1.92060626745224
217	0.86	1.9298337888717652
218	0.92	2.0547146081924437
219	0.7	1.8812232899665833
220	0.72	1.8650486254692078
221	0.78	2.073849675655365
222	0.68	1.5440557301044464
223	0.8	1.6613249504566192
224	0.72	1.727588495016098
225	0.86	1.9152140510082245
226	0.54	1.8814592671394348
227	0.8	1.874088008403778
228	0.9	1.9000852918624878
229	0.82	1.6491035497188569
230	0.6	1.7162906479835511
231	0.66	1.8966115307807923
232	0.74	1.9199764657020568
233	0.72	1.9604727458953857
234	0.86	1.907617199420929
235	0.68	1.9818056535720825
236	0.68	1.9789827942848206
237	0.62	1.8797664165496826
238	0.48	1.7761742687225341
239	0.92	1.831378356218338
240	0.3	2.008633199930191
241	0.72	1.853187575340271
242	0.72	1.9328850626945495
243	0.8	1.955509421825409
244	0.9	1.7940617084503174
245	0.84	1.5873122751712798
246	0.58	1.842714056968689
247	0.84	1.7697791790962218
248	0.5	1.669851303100586
249	0.64	1.8158370566368103
250	0.56	1.7326016461849212
251	0.92	1.9004320788383484
252	0.86	1.7119981575012206
253	0.78	1.8385698187351227
254	0.88	1.8215760445594789
255	0.96	1.994692289829254
256	0.74	1.7729878759384154
257	0.64	1.5598130536079406
258	0.92	1.4068303847312926
259	0.88	1.6506979513168334
260	0.82	1.8183533918857575
261	0.86	1.7212001919746398
262	0.82	1.741894133090973
263	0.68	1.6721910798549653
264	0.82	2.0426307487487794
265	0.46	1.5532844436168671
266	0.58	1.6071352815628053
267	0.78	1.8845109033584595
268	0.9	1.7527248167991638
269	0.66	1.8346233201026916
270	0.9	1.7037141299247742
271	0.52	1.8732298302650452
272	0.56	1.9052184283733369
273	0.68	2.0049717032909395
274	0.88	2.194510509967804
275	0.98	2.339404900074005
276	0.9	2.0866832733154297
277	0.62	1.8450924706459046
278	0.7	2.2839871716499327
279	0.9	1.5790601098537445
280	0.68	1.9503104996681213
281	0.64	1.796782912015915
282	0.1	1.981001274585724
283	0.84	1.3450171327590943
284	0.92	1.5260722255706787
285	0.54	1.6898413598537445
286	0.92	1.936598354578018
287	0.7	1.8683394598960876
288	0.82	2.162180724143982
289	0.84	2.0135335659980775
290	0.72	2.4242697668075563
291	0.86	1.8435993313789367
292	0.9	2.199888789653778
293	0.9	2.236910855770111
294	0.96	1.875269445180893
295	0.74	1.9932158660888672
296	0.84	1.3932673013210297
297	0.74	1.6082031273841857
298	0.68	2.0343140077590944
299	0.78	1.8182226610183716
300	0.88	2.1585016798973085
301	0.84	1.834816256761551
302	0.76	1.8351988840103148
303	0.64	1.8897440886497499
304	0.54	1.6911559236049651
305	0.76	2.2270938372612
306	0.8	1.8605867183208467
307	0.76	1.5061427903175355
308	0.72	1.8173880004882812
309	0.66	2.0434689950942992
310	0.68	1.6531780028343201
311	0.58	1.7657987785339355
312	0.56	1.6962240934371948
313	0.54	1.7602224242687226
314	0.66	1.6806042844057083
315	0.56	1.5094048929214479
316	0.88	1.962319438457489
317	0.84	1.6649214732646942
318	0.78	1.4329149425029755
319	0.62	1.6445810854434968
320	0.92	1.4698361814022065
321	0.92	2.1982274413108827
322	0.92	2.060901613235474
323	0.88	2.4425912737846374
324	0.9	1.8294722628593445
325	0.94	1.9783916831016541
326	0.9	1.6623557126522064
327	0.84	2.4637954378128053
328	0.78	2.423315942287445
329	0.66	2.216255600452423
330	0.7	2.0896368551254274
331	0.88	1.9490900135040283
332	0.92	1.511161904335022
333	0.96	1.5801973068714141
334	0.82	2.389571533203125
335	0.82	1.965161031484604
336	0.86	2.349460265636444
337	0.76	2.1304033756256104
338	0.68	1.6767582190036774
339	0.94	2.1489999389648435
340	0.96	2.386222894191742
341	0.52	2.122410316467285
342	0.78	2.1504125356674195
343	0.88	2.1735128068923952
344	0.86	1.88772203207016
345	0.52	2.151008846759796
346	0.8	2.12553173661232
347	0.86	1.9959331369400024
348	0.34	2.092370467185974
349	0.86	2.153901858329773
350	0.88	2.103851634263992
351	0.96	1.8786511623859405
352	0.82	2.208704549074173
353	0.68	2.0550625705718994
354	0.94	2.1204500079154966
355	0.78	1.8321559941768646
356	0.44	1.952939658164978
357	0.78	2.0761575329303743
358	0.36	1.4953411960601806
359	0.74	1.7822173833847046
360	0.74	1.7784131836891175
361	0.82	2.034964120388031
362	0.88	1.9994790267944336
363	0.86	2.4064130282402036
364	0.98	2.2321843004226682
365	0.84	2.000387032032013
366	0.68	1.814884819984436
367	0.76	1.8689987206459044
368	0.76	1.8371125745773316
369	0.72	1.6688855242729188
370	0.82	1.990695171356201
371	0.62	1.8352200400829315
372	0.84	1.81582350730896
373	0.68	1.7592661881446838
374	0.56	1.5464488899707793
375	0.84	1.9499784708023071
376	1.0	2.2778332138061526
377	0.64	1.815930733680725
378	0.7	2.1238994717597963
379	0.82	2.25039422750473
380	0.62	2.0461092925071718
381	0.36	2.0276797652244567
382	0.7	1.8336583256721497
383	0.74	1.9959155893325806
384	0.9	2.267892608642578
385	0.68	1.8763711667060852
386	0.42	1.9494989562034606
387	0.94	2.0110550808906553
388	0.94	1.868660707473755
389	0.76	1.8245240533351899
390	0.6	2.197266421318054
391	0.72	1.8473951745033264
392	0.98	2.005617433786392
393	0.68	2.3160862064361574
394	0.68	1.7657429766654968
395	0.68	1.784625334739685
396	0.94	2.6626020455360413
397	0.74	2.0250107526779173
398	0.74	1.771099739074707
399	0.84	1.4337862730026245
400	0.58	2.0565840005874634
401	0.76	1.8076064145565034
402	0.42	1.774332764148712
403	0.7	1.368736436367035
404	0.92	1.2722233772277831
405	0.7	1.0571679800748826
406	0.68	2.5397791624069215
407	0.9	2.1534327030181886
408	0.66	1.8333358573913574
409	0.6	1.596773740053177
410	0.86	2.5273281931877136
411	0.62	2.1244411623477935
412	0.46	1.7594559133052825
413	0.62	1.924774408340454
414	0.32	1.6788655841350555
415	0.32	2.198603296279907
416	0.76	1.5392717492580414
417	0.88	1.5387456250190734
418	0.5	1.4148684614896774
419	0.58	1.319608178138733
420	0.84	1.8575024032592773
421	0.58	1.8335650634765626
422	0.6	1.5837587642669677
423	0.78	1.9131592655181884
424	0.4	1.9978898203372955
425	0.92	1.9874103093147277
426	0.82	1.6989803886413575
427	0.6	1.7572461009025573
428	0.64	2.328992350101471
429	0.72	1.8837308549880982
430	0.8	1.9589903450012207
431	0.74	1.5943064558506013
432	0.84	1.6067972826957702
433	0.56	1.8906313645839692
434	0.46	1.6665983784198761
435	0.32	1.367938056588173
436	0.6	2.012019293308258
437	0.68	1.2983402520418168
438	0.56	1.4892665839195252
439	0.8	2.0799948143959046
440	0.66	2.0003344237804415
441	0.64	1.7291183006763458
442	0.68	1.7325653624534607
443	0.54	1.8650275099277496
444	0.78	2.406694040298462
445	0.44	1.9269005036354065
446	0.62	1.3461902010440827
447	0.54	1.7560024654865265
448	0.76	2.1090625250339508
449	0.78	2.11380420088768
450	0.84	1.718572224378586
451	0.8	1.6528802490234376
452	0.56	1.9285168194770812
453	0.68	2.048400033712387
454	0.42	2.334087212085724
455	0.54	2.156957516670227
456	0.72	1.9107254540920258
457	0.54	1.4481086587905885
458	0.9	2.3134478521347046
459	0.62	1.4722457039356232
460	0.5	1.4981720262765885
461	0.48	1.7607633018493651
462	0.62	2.0684375154972074
463	0.58	1.7190158700942992
464	0.4	1.7028723049163819
465	0.66	1.6499760925769806
466	0.98	1.8509012365341186
467	0.78	2.5035403180122375
468	0.68	2.137996647357941
469	0.5	1.985847818851471
470	0.54	1.4437264734506607
471	0.8	1.9815150547027587
472	0.9	2.11012357711792
473	0.58	1.1162460100650788
474	0.58	1.8558593893051147
475	0.88	1.6134071922302247
476	0.98	2.6162424063682557
477	0.64	1.8983171141147615
478	0.38	1.491188223361969
479	0.38	1.903215880393982
480	0.66	1.6390150839090347
481	0.48	1.76826251745224
482	0.32	1.5845511722564698
483	0.76	1.9171324932575227
484	0.64	1.5466980290412904
485	0.28	1.5287739157676696
486	0.78	1.8495774817466737
487	0.72	1.48705038189888
488	0.34	1.7223206377029419
489	0.5	2.370276235342026
490	0.66	2.1187484192848207
491	0.86	2.1664405155181883
492	0.62	1.7489445209503174
493	0.34	1.3747751986980439
494	0.5	1.7803671145439148
495	0.72	1.833023360967636
496	0.82	1.8414098310470581
497	0.5	2.0402877855300905
498	0.64	1.8418710148334503
499	0.24	1.7196771430969238
500	0.8	2.077006142139435
501	0.28	1.7436802458763123
502	0.5	1.753456243276596
503	0.58	1.4784064090251923
504	0.36	1.5644084811210632
505	0.62	1.5556054639816284
506	0.66	2.177923309803009
507	0.66	1.572115352153778
508	0.5	1.612240504026413
509	0.56	2.83399751663208
510	0.8	1.5735546910762788
511	0.7	1.7686511588096618
512	0.8	1.2313173627853393
513	0.42	1.872240092754364
514	0.72	1.9470121014118194
515	0.52	1.7736882090568542
516	0.42	1.6184558415412902
517	0.68	1.6610618603229523
518	0.9	1.5764748072624206
519	0.56	1.999091591835022
520	0.7	1.7976510429382324
521	0.66	1.775962210893631
522	0.84	2.2383637595176697
523	0.34	1.645447632074356
524	0.52	1.908122215270996
525	0.72	1.6712595677375794
526	0.58	1.7542538285255431
527	0.46	1.6263954901695252
528	0.86	1.6281548964977264
529	0.58	1.6474900257587433
530	0.56	1.324366220831871
531	0.5	1.7887149238586426
532	0.76	1.8275896883010865
533	0.86	2.6604069876670837
534	0.44	1.6805105984210968
535	0.92	2.08342750787735
536	0.52	1.8820611488819123
537	0.9	1.9760590672492981
538	0.72	2.173473370075226
539	0.48	1.75382652759552
540	0.86	1.5900753355026245
541	0.46	1.9134195530414582
542	0.38	1.5075757360458375
543	0.44	1.7349059391021728
544	0.64	2.0310682260990145
545	0.86	1.9465927982330322
546	0.66	1.9865341973304749
547	0.9	2.164211957454681
548	0.92	1.550733027458191
549	0.5	1.5346057891845704
550	0.78	1.1792598116397857
551	0.72	1.4229177248477936
552	0.82	1.8546719574928283
553	0.78	1.225487880706787
554	0.92	1.5632960021495819
555	0.76	2.2362603640556333
556	0.52	1.8360829949378967
557	0.68	1.272482863664627
558	0.3	1.9062791001796722
559	0.64	1.8560993230342866
560	0.84	2.160983328819275
561	0.8	2.211835947036743
562	0.8	1.8667925000190735
563	0.74	1.4034299290180205
564	0.86	1.7835786271095275
565	0.98	1.9508366513252258
566	0.7	2.1351877307891844
567	0.42	1.7393741929531097
568	0.7	1.7470272743701936
569	0.8	1.8497377252578735
570	0.72	1.5316039538383484
571	0.72	2.035833878517151
572	0.64	1.5305165839195252
573	0.84	1.9754101526737213
574	0.86	1.4520543748140335
575	0.74	2.0828268456459047
576	0.96	2.127767844200134
577	0.86	1.6071986627578736
578	0.72	1.721088176369667
579	0.64	1.7290118908882142
580	0.78	2.51144611120224
581	0.72	2.057963560819626
582	0.62	2.769019865989685
583	0.86	1.9141940450668335
584	0.42	1.7882991921901703
585	0.26	1.6275410676002502
586	0.72	1.9094602823257447
587	0.38	1.664703449010849
588	0.62	2.186937162876129
589	0.48	1.5386272287368774
590	0.56	1.4615341961383819
591	0.74	1.6463193547725679
592	0.68	1.787228956222534
593	0.68	1.6445970153808593
594	0.92	2.1703802394866942
595	0.7	1.9794730615615845
596	0.42	2.021696037054062
597	0.62	1.8283338713645936
598	0.66	1.5194024860858917
599	0.56	2.468582179546356
600	0.24	1.5749984097480774
601	0.6	1.996794080734253
602	0.64	1.8475765359401704
603	0.84	2.2107095170021056
604	0.88	1.4346281003952026
605	0.64	1.353183195590973
606	0.7	1.3699119007587433
607	0.92	1.381062262058258
608	0.62	1.9436029267311097
609	0.72	2.0173142766952514
610	0.74	1.5230947029590607
611	0.76	2.474781563282013
612	0.92	2.3341286516189577
613	0.72	1.4697572410106658
614	0.82	2.2264488995075227
615	0.68	1.2273708489537238
616	0.68	1.9255604255199432
617	0.74	1.4857577455043793
618	0.26	1.8368299627304077
619	0.48	1.4953543519973755
620	0.14	1.5244941747188567
621	0.82	2.2170611381530763
622	0.38	1.584606567621231
623	0.28	1.488690994977951
624	0.58	2.278018970489502
625	0.92	1.9229727363586426
626	0.46	1.4314931523799896
627	0.74	1.7666414213180541
628	0.86	1.6194491517543792
629	0.74	1.4949485814571382
630	0.84	1.6953786599636078
631	0.54	1.4251925241947174
632	0.56	1.269838166832924
633	0.38	1.5344989573955536
634	0.78	2.1633769273757935
635	0.64	1.8395543611049652
636	0.68	1.5041115128993987
637	0.72	1.925534918308258
638	0.22	1.7635235905647277
639	0.44	1.786832745075226
640	0.92	2.4536619091033938
641	0.74	1.4491912508010865
642	0.8	2.170316894054413
643	0.48	2.0584542322158814
644	0.54	1.2728977990150452
645	1.0	2.6374948167800905
646	0.76	2.4480416989326477
647	0.6	1.6114512956142426
648	0.52	1.4270890522003175
649	0.76	1.826263153553009
650	0.4	1.4551024317741394
651	0.54	1.4987260794639587
652	0.52	1.907457332611084
653	0.62	1.838188774585724
654	0.82	1.9069300127029418
655	0.42	1.816426581144333
656	0.38	1.9401602268218994
657	0.3	1.5473202395439147
658	0.58	2.1511623001098634
659	0.82	1.4160554897785187
660	0.56	1.9327112519741059
661	0.96	2.3902092719078065
662	0.58	1.1496735519170762
663	0.54	2.096759412288666
664	0.34	1.656316169500351
665	0.54	2.4567251300811765
666	0.68	1.4211009299755097
667	0.42	1.502031650543213
668	0.84	1.5706871831417084
669	0.86	1.3493068408966065
670	0.76	2.1699784779548645
671	0.78	2.2963504552841187
672	0.88	1.8725836956501007
673	0.24	1.4138488495349884
674	0.76	1.7714234006404876
675	0.42	1.8749142980575562
676	0.5	1.885360734462738
677	0.54	1.763537935614586
678	0.56	1.6688675951957703
679	0.76	1.5455038237571717
680	0.8	1.203217865228653
681	0.28	1.5792530345916749
682	0.68	1.4804627668857575
683	0.6	1.5479221034049988
684	0.84	1.676903703212738
685	0.96	1.6393251895904541
686	0.56	1.7820627284049988
687	0.82	2.2626534414291384
688	0.88	1.5925127518177034
689	0.3	1.8930532538890839
690	0.82	2.271777753829956
691	0.52	1.6089991235733032
692	0.44	2.0313097739219668
693	0.66	2.0211459755897523
694	0.88	2.228091106414795
695	0.58	1.6551339328289032
696	0.56	1.6311626982688905
697	0.66	1.9254990410804749
698	0.74	2.0823437452316282
699	0.8	1.8024430143833161
700	0.64	1.2060638463497162
701	0.92	1.2209044128656388
702	0.7	1.700439658164978
703	0.62	2.374653630256653
704	0.72	1.7911403918266295
705	0.6	1.8647516763210297
706	0.5	2.0862770962715147
707	0.72	1.7988380765914918
708	0.52	1.5370587480068207
709	0.64	1.872609602212906
710	0.38	1.5314484906196595
711	0.58	1.296153151988983
712	0.68	1.4675829029083252
713	0.92	1.150632175207138
714	0.72	1.5318060541152954
715	0.78	1.851880578994751
716	0.74	2.1216824865341186
717	0.68	2.1381226325035096
718	0.46	1.6781214094161987
719	0.82	1.494193253517151
720	0.72	1.5989042496681214
721	0.54	2.278559467792511
722	0.8	1.8379005873203278
723	0.72	2.090678000450134
724	0.74	1.8751550436019897
725	0.34	1.5988444769382477
726	0.86	1.5352973473072051
727	0.84	1.7666828584671022
728	0.4	2.010603868961334
729	0.52	1.7583490014076233
730	0.7	2.3840605139732363
731	0.42	1.7349983990192412
732	0.82	1.4529221069812774
733	0.36	1.5652371752262115
734	0.7	2.001784927845001
735	0.66	2.061727918386459
736	0.76	1.527881075143814
737	0.58	2.2154846984148024
738	0.68	2.657838797569275
739	0.9	1.8064728045463563
740	0.26	1.8057764530181886
741	0.64	2.672883849143982
742	0.4	1.2973604893684387
743	0.64	1.8369435799121856
744	0.38	1.5381353569030762
745	0.62	1.2384905076026917
746	0.82	1.8578691136837007
747	0.64	1.6317821288108825
748	0.34	1.738589379787445
749	0.72	1.456776556968689
750	0.56	1.6619359719753266
751	0.58	1.8476757717132568
752	0.66	1.7987380409240723
753	0.62	1.7725482439994813
754	0.46	1.8239524912834169
755	0.94	1.6712799084186554
756	0.72	1.890023522377014
757	0.72	1.8049146902561188
758	0.54	1.9949214816093446
759	0.7	1.6229380667209625
760	0.74	1.6708422267436982
761	0.68	1.6252455288171768
762	0.52	2.1213062024116516
763	0.8	1.5201267564296723
764	0.4	1.895904027223587
765	0.62	1.9887854826450349
766	0.84	2.198828146457672
767	0.42	1.7001542448997498
768	0.8	2.1914891505241396
769	0.66	1.481718748807907
770	0.78	1.9863943076133728
771	0.88	1.2009183657169342
772	0.6	1.7071113729476928
773	0.5	1.2794172608852385
774	0.74	1.7507031273841858
775	0.64	2.1278372263908385
776	0.56	1.879907922744751
777	0.68	1.5061471605300902
778	0.54	1.724486620426178
779	0.9	2.103217849731445
780	0.86	1.5502351760864257
781	0.9	2.184705437421799
782	0.16	1.6066505920886993
783	0.9	1.3370894479751587
784	0.28	1.551746244430542
785	0.62	1.5388424742221831
786	0.62	1.745316882133484
787	0.54	2.0012081491947176
788	0.62	2.433494508266449
789	0.74	1.6428762805461883
790	0.56	2.2743594622612
791	0.72	2.297321820259094
792	0.44	1.9071994566917418
793	0.62	1.716560915708542
794	0.62	1.5414975237846376
795	0.76	1.7983749127388
796	0.66	1.6417538273334502
797	0.62	1.7384179735183716
798	0.68	1.5465070927143096
799	0.32	1.5463663971424102
800	0.92	2.669612183570862
801	0.78	1.7906556832790375
802	0.86	1.7957804536819457
803	0.82	1.7948537123203279
804	0.46	1.3825035881996155
805	0.9	1.6726562535762788
806	0.5	1.856354031562805
807	0.76	1.8678583419322967
808	0.6	2.0541812813282014
809	0.12	1.6967638039588928
810	0.54	1.7340927886962891
811	0.52	1.6250988447666168
812	0.86	1.5320073252916335
813	0.26	1.5953926181793212
814	0.86	1.7744252133369445
815	0.54	2.0079073691368103
816	0.74	1.5727136409282685
817	0.7	2.0328954315185546
818	0.28	1.2737456107139586
819	0.6	1.8988623905181885
820	0.94	1.9960140109062194
821	0.94	1.8908577609062194
822	0.84	2.1905799531936645
823	0.58	1.5475059676170348
824	0.48	2.3403906178474427
825	0.72	2.46049427986145
826	0.44	1.7295435988903045
827	0.56	1.6407326138019562
828	0.58	1.859139428138733
829	0.86	2.1166633272171023
830	0.52	2.293956069946289
831	0.86	1.3233426403999329
832	0.86	1.8665780305862427
833	0.7	1.6849681103229524
834	0.48	1.5415660810470582
835	0.58	1.9813919019699098
836	0.34	1.6926697969436646
837	0.14	1.8393076407909392
838	0.38	1.839512128829956
839	0.5	1.9978120839595794
840	0.72	1.5796775364875792
841	0.32	1.5173453402519226
842	0.56	1.9540067028999328
843	0.64	2.1189560532569884
844	0.5	1.2506544959545136
845	0.44	1.420852203965187
846	0.66	1.414501748085022
847	0.8	1.8604388666152953
848	0.4	1.6018315529823304
849	0.64	1.5001367241144181
850	0.7	1.9042757380008697
851	0.54	1.5671285164356232
852	0.74	1.6149497890472413
853	0.82	2.1431206250190735
854	0.78	1.6909673929214477
855	0.66	1.6043534636497498
856	0.68	2.0822588348388673
857	0.64	2.285333216190338
858	0.6	2.3208031725883482
859	0.58	1.414227522611618
860	0.52	2.183227450847626
861	0.68	1.4844798344373702
862	0.8	1.7166657435894013
863	0.88	2.245080518722534
864	0.66	1.9154595828056336
865	0.62	2.5528599286079405
866	0.66	2.386273510456085
867	0.78	1.7376865315437318
868	0.46	2.0339807891845703
869	0.44	1.7073863935470581
870	0.62	2.173275272846222
871	0.76	1.4890672886371612
872	0.56	1.696332504749298
873	0.88	2.004172921180725
874	0.9	2.1038141775131227
875	0.68	1.9421348929405213
876	0.36	1.3777391600608826
877	0.74	2.042150809764862
878	0.7	2.020964214801788
879	0.46	2.087424266338348
880	0.78	2.1257286190986635
881	0.8	1.4383338737487792
882	0.52	1.632997040748596
883	0.42	1.712209428548813
884	0.72	1.8168427181243896
885	0.18	1.970413751602173
886	0.88	2.378005030155182
887	0.5	2.376604769229889
888	0.76	1.978639600276947
889	0.62	1.9153204774856567
890	0.94	1.9834968733787537
891	0.76	1.8523174321651459
892	0.56	1.657791771888733
893	0.34	1.775761331319809
894	0.66	1.475624611377716
895	0.74	1.2041928458213806
896	0.76	1.0566772890090943
897	0.66	1.4081245982646942
898	0.44	1.859116702079773
899	0.2	1.5243494975566865
900	0.92	1.5083310651779174
901	0.66	1.4473409521579743
902	0.68	1.3286539387702943
903	0.76	1.4644921934604644
904	0.7	2.210472755432129
905	0.56	1.6918419218063354
906	0.24	1.499407674074173
907	0.32	1.93453045129776
908	0.38	1.318564248085022
909	0.34	1.975654889345169
910	0.4	1.6710817945003509
911	0.4	2.1981604743003844
912	0.74	2.3386722779273987
913	0.8	1.600100840330124
914	0.8	1.6076383185386658
915	0.96	1.9721069824695587
916	1.0	1.9988054072856902
917	0.64	2.9411810207366944
918	0.78	1.8934793663024903
919	0.7	1.9767885088920594
920	0.7	1.6505592447519302
921	0.44	2.2006417524814608
922	0.74	1.805075318813324
923	0.54	1.9983023929595947
924	0.62	2.110579571723938
925	0.7	1.4514903545379638
926	0.92	2.0988408732414245
927	0.9	1.7388978731632232
928	0.34	1.8007776510715485
929	0.58	1.725815134048462
930	0.6	2.0429671704769135
931	0.6	2.0720985960960387
932	0.68	2.115367114543915
933	0.74	1.9462643480300903
934	0.66	1.9945926332473756
935	0.56	1.6969511246681213
936	0.84	2.2513839387893677
937	0.88	2.243010606765747
938	0.8	2.0230281376838684
939	0.7	2.1704077696800232
940	0.82	1.6085104370117187
941	0.76	1.9294730591773988
942	0.68	1.7120715177059174
943	0.54	2.044672738313675
944	0.78	2.358514015674591
945	0.82	1.854742510318756
946	0.9	2.4342916989326477
947	0.36	2.421841117143631
948	0.82	1.3648820185661317
949	0.6	2.263527579307556
950	0.7	1.6576291453838348
951	0.8	1.706778542995453
952	0.8	1.83495099067688
953	0.8	2.300748977661133
954	0.86	1.8624653208255768
955	0.92	2.447898573875427
956	0.86	1.7497759795188903
957	0.8	2.1012496173381807
958	0.7	1.9293949329853057
959	0.84	2.0011304235458374
960	0.46	1.9949653232097626
961	0.3	1.7538504362106324
962	0.56	2.2003104948997496
963	0.7	2.519058904647827
964	0.66	1.8137711310386657
965	0.64	1.854445570707321
966	0.66	1.4848844015598297
967	0.46	1.5167155492305755
968	0.38	1.5613030147552491
969	0.52	1.6231868016719817
970	0.42	1.742571346759796
971	0.7	1.877045196890831
972	0.58	1.92195552110672
973	0.7	2.3223624777793885
974	0.96	1.2386009168624879
975	0.5	1.758422738313675
976	0.42	1.5272094321250915
977	0.54	1.34147680580616
978	0.48	1.6091545701026917
979	0.78	2.123196349143982
980	0.78	1.2664465129375457
981	0.76	1.9910957682132722
982	0.62	2.0109833455085755
983	0.72	1.6044248342514038
984	0.96	2.175326452255249
985	0.94	2.0086395919322966
986	1.0	2.028234212398529
987	0.4	2.3624876523017884
988	0.92	2.1050968623161315
989	0.92	1.9063165473937989
990	0.9	2.1251877427101133
991	0.96	2.4007561659812926
992	0.86	2.744100775718689
993	0.94	2.4138807392120363
994	0.86	2.291647003889084
995	1.0	2.321017208099365
996	0.84	2.4297815918922425
997	0.62	2.1744196438789367
998	0.58	2.0773525166511537
999	0.24	1.4078164982795716
