0	0.9	2.916104505062103
1	0.88	1.95287828207016
2	0.72	1.6761096966266633
3	0.74	1.4903691005706787
4	0.76	1.4205492687225343
5	0.76	2.1126000690460205
6	0.58	2.198470196723938
7	0.7	2.726629862785339
8	0.9	3.0241765117645265
9	0.94	2.4598326015472414
10	0.88	2.3661734569072723
11	0.86	2.001525421142578
12	0.86	2.0636742770671845
13	0.96	2.0656357741355897
14	0.9	2.27500757932663
15	0.9	2.5840114736557007
16	0.78	2.1853316378593446
17	0.9	2.219328370094299
18	0.84	2.7324852764606478
19	0.94	1.9650111722946166
20	0.84	2.358336639404297
21	0.82	1.8995631551742553
22	0.84	1.858951312303543
23	0.84	2.2759634292125703
24	0.96	2.67283282995224
25	0.92	3.33174067735672
26	0.7	2.4260467052459718
27	0.74	2.6475179600715637
28	0.84	2.8097281670570373
29	0.88	1.9505392956733703
30	0.76	2.8700099921226503
31	0.72	2.2047452902793885
32	0.46	2.4191493898630143
33	0.74	2.4078543472290037
34	0.66	2.4622022461891175
35	0.58	2.57655492067337
36	0.58	2.785044231414795
37	0.72	3.0176753568649293
38	0.72	2.3008964407444
39	0.78	2.9770730996131896
40	0.52	2.105768482685089
41	0.88	3.163247368335724
42	0.74	2.659112730026245
43	0.84	2.866859872341156
44	0.62	2.848995935916901
45	0.76	2.9830070304870606
46	0.4	2.4508617627620697
47	0.76	2.593896276950836
48	0.86	2.8863021969795226
49	0.66	2.784133050441742
50	0.74	2.6578017294406893
51	0.88	2.5416019463539126
52	0.76	2.7779026210308073
53	0.78	2.291957130432129
54	0.6	2.9079838967323304
55	0.4	2.4019849979877472
56	0.76	2.8196492314338686
57	0.88	3.2522931361198424
58	0.58	2.6932509660720827
59	0.58	1.9618112134933472
60	0.38	2.749221546649933
61	0.74	2.7491980171203614
62	0.48	2.840102035999298
63	0.86	2.475875334739685
64	0.66	2.188303552865982
65	0.64	2.7375685572624207
66	0.48	2.7905217599868775
67	0.6	3.126740267276764
68	0.28	2.770738606452942
69	0.96	2.457991464138031
70	0.78	2.1596699595451354
71	0.86	2.29612486243248
72	0.88	2.0870627403259276
73	0.6	2.041569261550903
74	0.42	2.0261068964004516
75	0.8	1.9883071517944335
76	0.92	2.755894436836243
77	0.6	2.500653712749481
78	0.78	2.0044475483894346
79	0.62	2.6055552530288697
80	0.92	2.3059705686569214
81	0.84	2.5631225895881653
82	0.9	2.9517175507545472
83	0.94	2.579549193382263
84	0.86	3.404901945590973
85	0.82	2.6703890204429626
86	0.74	2.76250159740448
87	0.96	1.9841334557533263
88	0.9	2.626522617340088
89	0.84	2.1933737260103228
90	0.96	2.697595660686493
91	0.9	2.7871683835983276
92	0.94	1.783968836069107
93	0.86	2.4422632479667663
94	0.86	1.650761343240738
95	0.92	1.9767207407951355
96	0.84	2.4653635358810426
97	0.8	2.4478754925727846
98	0.88	2.2855365252494813
99	0.62	2.4852435505390167
100	0.96	2.3562077498435974
101	0.64	2.8296799445152283
102	0.98	3.4755875062942505
103	0.72	1.9645691180229188
104	0.78	2.9061292099952696
105	0.88	2.8690202379226686
106	0.74	2.4961359977722166
107	0.86	1.8385610675811768
108	0.6	3.1362942337989805
109	0.9	3.019155764579773
110	0.84	3.307602846622467
111	0.88	1.2131692504882812
112	0.74	2.1322512924671173
113	0.74	2.5635945558547975
114	0.68	2.7327144289016725
115	0.74	2.8523309886455537
116	0.86	3.086318564414978
117	0.84	2.3542470502853394
118	0.72	2.7669411492347717
119	0.62	3.0796970653533937
120	0.68	2.588108252286911
121	0.82	2.909575090408325
122	0.84	2.807289538383484
123	0.78	3.301753430366516
124	0.36	2.7330428910255433
125	0.72	2.500441629886627
126	0.64	2.3119663119316103
127	0.78	2.0888520395755767
128	0.78	2.481367596387863
129	0.96	2.407663817405701
130	0.92	2.3423832237720488
131	0.86	2.8218180143833163
132	0.92	2.135540900826454
133	0.84	3.1395105218887327
134	0.7	2.5016250658035277
135	0.96	2.8878057026863098
136	0.88	3.108820559978485
137	0.88	2.396296237707138
138	0.96	2.87774475812912
139	0.96	2.4233402395248413
140	0.8	2.3250286960601807
141	0.86	2.272526307106018
142	0.88	2.305414915084839
143	0.86	2.0974059462547303
144	0.92	2.225038667917252
145	0.88	2.3093168044090273
146	0.9	2.2248198521137237
147	0.84	2.357210603952408
148	0.94	2.1646791243553163
149	0.82	1.602091042995453
150	0.78	2.362107791900635
151	0.6	2.125725040435791
152	0.76	2.0259310817718506
153	0.74	1.8952582931518556
154	0.76	2.055709493160248
155	0.72	2.188516414165497
156	0.88	2.2895635557174683
157	0.88	2.359714605808258
158	0.66	2.28291335105896
159	0.74	2.5837739062309266
160	0.94	2.5071859097480775
161	0.82	2.2948318028450014
162	0.66	2.2959582209587097
163	0.54	2.2953531455993654
164	0.78	2.5054121470451354
165	0.56	2.363249363899231
166	0.76	2.2503970098495483
167	0.42	2.2896599698066713
168	0.72	2.472776646614075
169	0.9	2.2764859771728516
170	0.56	2.464543194770813
171	0.78	2.195088496208191
172	0.74	2.511239264011383
173	0.68	2.4006780004501342
174	0.82	2.3416246819496154
175	0.66	2.529701850414276
176	0.8	2.3911591172218323
177	0.82	2.489426031112671
178	0.9	2.355610656738281
179	0.66	2.6120946335792543
180	0.6	2.220986521244049
181	0.88	2.3705496621131896
182	0.8	2.460289399623871
183	0.8	2.371560504436493
184	0.62	2.4368686079978943
185	0.62	2.535444028377533
186	0.66	2.3294953751564025
187	0.54	2.430057396888733
188	0.7	2.72402783870697
189	0.64	2.4161352062225343
190	0.82	1.8887232947349548
191	0.8	2.5730085921287538
192	0.76	2.51475248336792
193	0.48	2.527353332042694
194	0.82	2.1968056559562683
195	0.94	2.1940836262702943
196	0.6	2.261712362766266
197	0.64	2.6085152184963225
198	0.86	2.6256297516822813
199	0.7	2.3815425562858583
200	0.64	2.5421767377853395
201	0.58	2.519292080402374
202	0.64	2.525010361671448
203	0.9	2.0509418988227845
204	0.6	2.0460208094120027
205	0.78	2.402638292312622
206	0.72	2.5766446232795714
207	0.9	2.4292617797851563
208	0.84	2.0909398674964903
209	0.8	2.430231990814209
210	0.82	2.7109143900871278
211	0.6	2.3163133788108827
212	0.76	2.3585925698280334
213	0.76	2.501158740520477
214	0.76	2.4950741362571716
215	0.82	2.3324067258834837
216	0.9	2.447547447681427
217	0.88	2.4703954243659973
218	0.94	2.634080057144165
219	0.68	2.41180406332016
220	0.7	2.3863867235183718
221	0.76	2.664663987159729
222	0.7	1.9959992671012878
223	0.8	2.1295667266845704
224	0.68	2.2208203089237215
225	0.9	2.448664733171463
226	0.52	2.407637903690338
227	0.72	2.3921237087249754
228	0.86	2.4341816830635072
229	0.88	2.109276123046875
230	0.6	2.206711182594299
231	0.64	2.436240038871765
232	0.74	2.455677604675293
233	0.74	2.510135533809662
234	0.86	2.4395539689064027
235	0.68	2.5378408193588258
236	0.66	2.5314492917060853
237	0.64	2.4020069217681885
238	0.54	2.2728739094734194
239	0.92	2.3511339950561525
240	0.3	2.57448144197464
241	0.72	2.329976487159729
242	0.72	2.4735252022743226
243	0.82	2.504178910255432
244	0.9	2.3000027775764464
245	0.8	2.0389106142520905
246	0.6	2.3524290442466738
247	0.88	2.267502000331879
248	0.52	2.1463751673698424
249	0.68	2.3445312666893003
250	0.58	2.230981743335724
251	0.92	2.410405774116516
252	0.84	2.1851590490341186
253	0.8	2.34759526014328
254	0.9	2.3332134604454042
255	0.98	2.539322783946991
256	0.76	2.2837424159049986
257	0.7	2.0140086936950685
258	0.96	1.8252012944221496
259	0.9	2.1394973611831665
260	0.82	2.3362364387512207
261	0.88	2.222062349319458
262	0.86	2.2324852657318117
263	0.76	2.1494674718379976
264	0.78	2.609473445415497
265	0.44	1.9977614760398865
266	0.64	2.079273760318756
267	0.8	2.4211898136138914
268	0.92	2.250527765750885
269	0.72	2.330962212085724
270	0.88	2.194578685760498
271	0.54	2.36008410692215
272	0.54	2.4044781982898713
273	0.7	2.5783067774772643
274	0.88	2.8112543773651124
275	1.0	2.9802977442741394
276	0.92	2.649403676986694
277	0.6	2.3332497692108154
278	0.7	2.907214198112488
279	0.9	2.04555046081543
280	0.68	2.467050378322601
281	0.62	2.285742585659027
282	0.16	2.5191709184646607
283	0.86	1.7442191648483276
284	0.94	1.965042643547058
285	0.54	2.1771572160720827
286	0.92	2.500072550773621
287	0.68	2.3526442718505858
288	0.86	2.6811786675453186
289	0.88	2.54141859292984
290	0.72	3.0095878410339356
291	0.86	2.3275450253486634
292	0.9	2.7310527038574217
293	0.92	2.801777777671814
294	0.98	2.36763632774353
295	0.76	2.5393263339996337
296	0.88	1.7824940133094787
297	0.72	2.0383370542526245
298	0.66	2.5947046208381654
299	0.72	2.327552623748779
300	0.9	2.738414793014526
301	0.84	2.325240352153778
302	0.74	2.332635912895203
303	0.62	2.4057445883750916
304	0.56	2.1633191394805906
305	0.84	2.8463930892944336
306	0.84	2.3677120494842527
307	0.8	1.926045116186142
308	0.74	2.30029935836792
309	0.66	2.5755671882629394
310	0.72	2.0928746783733367
311	0.58	2.2505867505073547
312	0.52	2.1556413435935973
313	0.54	2.2319323921203615
314	0.68	2.1706289887428283
315	0.56	1.9125422525405884
316	0.9	2.4943869352340697
317	0.88	2.1309271454811096
318	0.84	1.8416067349910736
319	0.66	2.087315865755081
320	0.88	1.8668913412094117
321	0.92	2.7744989728927614
322	0.9	2.599669961929321
323	0.88	3.036658163070679
324	0.92	2.3046855092048646
325	0.94	2.505647292137146
326	0.9	2.1024609351158143
327	0.84	3.162226197719574
328	0.78	3.0857605051994326
329	0.7	2.8276199960708617
330	0.7	2.6440812277793886
331	0.88	2.467111749649048
332	0.94	1.947330994606018
333	0.98	2.0264457178115847
334	0.84	3.0433964586257933
335	0.76	2.4856082606315613
336	0.86	3.0157641196250915
337	0.76	2.7297317492961883
338	0.7	2.1652383494377134
339	0.96	2.7256050634384157
340	0.94	2.991597599983215
341	0.52	2.7243036341667177
342	0.8	2.765941095352173
343	0.9	2.809156584739685
344	0.88	2.437729221582413
345	0.48	2.754422047138214
346	0.82	2.7428926253318786
347	0.88	2.575723853111267
348	0.44	2.6784813690185545
349	0.74	2.7652865839004517
350	0.86	2.6936064887046816
351	0.98	2.4296755504608156
352	0.84	2.817058357000351
353	0.66	2.649225127696991
354	0.9	2.716092565059662
355	0.8	2.3507198524475097
356	0.44	2.46267379283905
357	0.76	2.6560395526885987
358	0.38	1.8842398881912232
359	0.78	2.2762380230426786
360	0.72	2.2474621319770813
361	0.86	2.598626425266266
362	0.86	2.5201594376564027
363	0.9	3.0661479687690734
364	0.96	2.83313334941864
365	0.86	2.5311447763442994
366	0.72	2.3134689950942993
367	0.8	2.37955356836319
368	0.72	2.317365658283234
369	0.76	2.1141605508327483
370	0.8	2.547248079776764
371	0.6	2.327562985420227
372	0.88	2.324770007133484
373	0.72	2.240154662132263
374	0.56	1.9443881464004518
375	0.82	2.458537564277649
376	1.0	2.875717477798462
377	0.72	2.3012224888801573
378	0.7	2.6898162269592287
379	0.84	2.825389051437378
380	0.6	2.5999617433547972
381	0.34	2.5467267239093783
382	0.7	2.317972722053528
383	0.74	2.5140393567085266
384	0.86	2.859026646614075
385	0.74	2.368721306324005
386	0.42	2.4977451372146606
387	0.94	2.547515935897827
388	0.94	2.3984685945510864
389	0.76	2.316698417663574
390	0.6	2.824614934921265
391	0.78	2.368322722911835
392	0.98	2.550691556930542
393	0.76	2.9376925468444823
394	0.7	2.2663205468654635
395	0.68	2.3019941735267637
396	0.94	3.3714006423950194
397	0.82	2.5954053711891176
398	0.78	2.217045168876648
399	0.8	1.8078149020671845
400	0.54	2.5914875411987306
401	0.78	2.260755732059479
402	0.42	2.2542506289482116
403	0.78	1.7631122553348542
404	0.9	1.621001685857773
405	0.7	1.3646269112825393
406	0.68	3.2250039887428286
407	0.92	2.708433516025543
408	0.7	2.3083194947242736
409	0.6	2.0035084545612336
410	0.86	3.2113938903808594
411	0.58	2.7142055773735048
412	0.46	2.2523477339744566
413	0.64	2.4361467695236207
414	0.3	2.135233554840088
415	0.32	2.766096525192261
416	0.72	1.930581532716751
417	0.88	1.9674517726898193
418	0.54	1.8188217449188233
419	0.64	1.6939859700202942
420	0.88	2.3517454528808592
421	0.6	2.30794441819191
422	0.6	1.9961555379629135
423	0.78	2.420146281719208
424	0.5	2.516649384498596
425	0.94	2.5400016069412232
426	0.82	2.141236448287964
427	0.58	2.2228423774242403
428	0.66	2.959528436660767
429	0.72	2.396073820590973
430	0.82	2.4745360469818114
431	0.72	2.04459223985672
432	0.84	2.0191159009933473
433	0.6	2.402559792995453
434	0.46	2.1557704865932465
435	0.32	1.7613337117433547
436	0.62	2.5489038705825804
437	0.72	1.6672791653871537
438	0.56	1.8964911341667174
439	0.8	2.626729109287262
440	0.74	2.5155572485923767
441	0.58	2.2003065228462217
442	0.66	2.2055341255664827
443	0.54	2.372982702255249
444	0.8	3.0355548548698423
445	0.5	2.447360887527466
446	0.58	1.7059048116207123
447	0.54	2.2265067100524902
448	0.82	2.6691533851623537
449	0.78	2.708272092342377
450	0.84	2.1733127284049987
451	0.82	2.085862572193146
452	0.6	2.458151710033417
453	0.68	2.5663504254817964
454	0.5	2.9268004631996156
455	0.6	2.7346034097671508
456	0.72	2.4152794170379637
457	0.58	1.8392303025722503
458	0.92	2.95291255235672
459	0.62	1.8633290934562683
460	0.58	1.9346376633644105
461	0.38	2.248853631019592
462	0.6	2.6351829624176024
463	0.58	2.1896133637428283
464	0.42	2.1552200150489806
465	0.66	2.0814046454429627
466	0.96	2.3471990418434143
467	0.78	3.151845908164978
468	0.68	2.6980751585960387
469	0.48	2.5254827094078065
470	0.56	1.8389656430482864
471	0.78	2.5240577244758606
472	0.9	2.67837012052536
473	0.58	1.4151223695278168
474	0.62	2.3768582463264467
475	0.88	2.036395488977432
476	0.98	3.2971484422683717
477	0.66	2.372428650856018
478	0.44	1.927201850414276
479	0.38	2.402555010318756
480	0.7	2.0843853628635407
481	0.48	2.2373067045211794
482	0.3	1.990609073638916
483	0.76	2.4460196137428283
484	0.64	1.9728611063957215
485	0.34	1.9480472695827484
486	0.78	2.3381309509277344
487	0.7	1.8483613741397857
488	0.36	2.195082927942276
489	0.52	3.0002176427841185
490	0.68	2.656873800754547
491	0.86	2.732860736846924
492	0.56	2.2448887848854064
493	0.36	1.7559215593338013
494	0.52	2.2692394888401033
495	0.76	2.3246476459503174
496	0.84	2.347803339958191
497	0.64	2.593470582962036
498	0.62	2.332417894601822
499	0.34	2.1814022529125214
500	0.88	2.6779280948638915
501	0.24	2.2239816045761107
502	0.52	2.2151088309288025
503	0.56	1.8651183891296386
504	0.42	1.9832230579853058
505	0.62	1.9764791965484618
506	0.68	2.738894274234772
507	0.7	1.9789716327190399
508	0.54	2.0476211714744568
509	0.58	3.5684040212631225
510	0.84	1.9989046478271484
511	0.76	2.223953673839569
512	0.78	1.5418112325668334
513	0.46	2.355785640478134
514	0.66	2.4802407598495484
515	0.54	2.2540776562690734
516	0.4	2.0666107296943665
517	0.72	2.1028675127029417
518	0.94	1.9684374940395355
519	0.52	2.5382485723495485
520	0.7	2.2865923929214476
521	0.7	2.2692697930335997
522	0.8	2.843649549484253
523	0.38	2.0873218512535097
524	0.52	2.443804190158844
525	0.72	2.1538540291786195
526	0.58	2.221132826805115
527	0.52	2.0416362535953523
528	0.9	2.0708211135864256
529	0.62	2.1054113614559173
530	0.58	1.6788974761962892
531	0.5	2.259856517314911
532	0.72	2.3204627680778502
533	0.86	3.377729573249817
534	0.44	2.116477206945419
535	0.92	2.6085873579978944
536	0.48	2.3864648389816283
537	0.9	2.51570273399353
538	0.72	2.761504330635071
539	0.42	2.2746372950077056
540	0.88	2.0185016763210295
541	0.42	2.4096548199653625
542	0.44	1.9129380416870116
543	0.48	2.1987504053115843
544	0.66	2.5895340180397035
545	0.84	2.447617962360382
546	0.68	2.5127387642860413
547	0.88	2.745516605377197
548	0.92	1.9301530623435974
549	0.48	1.9666784739494323
550	0.74	1.4549250638484954
551	0.68	1.8011324167251588
552	0.84	2.3576474809646606
553	0.78	1.5726901280879975
554	0.92	2.001963483095169
555	0.76	2.827338557243347
556	0.5	2.3183362603187563
557	0.72	1.6187675237655639
558	0.34	2.4107433795928954
559	0.64	2.358497290611267
560	0.84	2.7212655544281006
561	0.8	2.7970946264266967
562	0.82	2.3852714323997497
563	0.72	1.7851159679889679
564	0.82	2.2459649896621703
565	0.98	2.4970499968528745
566	0.72	2.685386655330658
567	0.4	2.2185231924057005
568	0.76	2.215593912601471
569	0.82	2.3515601110458375
570	0.76	1.931853095293045
571	0.72	2.5768415093421937
572	0.6	1.9419280207157135
573	0.9	2.515609035491943
574	0.88	1.8655795550346375
575	0.76	2.645213236808777
576	0.96	2.6899593257904053
577	0.84	2.025066167116165
578	0.7	2.1836372143030167
579	0.68	2.1875530171394346
580	0.76	3.190118396282196
581	0.72	2.5720176887512207
582	0.6	3.4798505306243896
583	0.86	2.4375386703014374
584	0.46	2.2778619265556337
585	0.34	2.0608235037326814
586	0.72	2.4149649286270143
587	0.46	2.1334857368469238
588	0.6	2.7578157019615173
589	0.52	1.9562065601348877
590	0.58	1.8231776034832001
591	0.74	2.1268502712249755
592	0.7	2.269663987159729
593	0.68	2.0826379084587097
594	0.92	2.7418825912475584
595	0.76	2.50734295129776
596	0.42	2.5766314554214476
597	0.64	2.3386798620224
598	0.64	1.93097177028656
599	0.5	3.1162428426742554
600	0.24	2.008001837730408
601	0.68	2.537559781074524
602	0.64	2.3345818614959715
603	0.78	2.811725523471832
604	0.86	1.7903360164165496
605	0.7	1.7160734248161316
606	0.76	1.7202949726581573
607	0.92	1.7644515204429627
608	0.68	2.4965919923782347
609	0.8	2.5638528537750243
610	0.76	1.9461750721931457
611	0.78	3.1467841053009034
612	0.9	2.9369698786735534
613	0.7	1.852474501132965
614	0.84	2.811969468593597
615	0.7	1.5578659072518348
616	0.64	2.4451534378528597
617	0.76	1.867541456222534
618	0.24	2.32645485162735
619	0.54	1.9127654612064362
620	0.18	1.9077295899391173
621	0.8	2.8471065664291384
622	0.44	2.0069961738586426
623	0.2	1.91594069480896
624	0.54	2.8707346391677855
625	0.94	2.4438974905014037
626	0.5	1.813805410861969
627	0.78	2.240171399116516
628	0.86	2.058471373319626
629	0.74	1.8833577811717988
630	0.86	2.1937101387977602
631	0.58	1.8052032935619353
632	0.58	1.605491077899933
633	0.32	1.9518550610542298
634	0.76	2.7466557788848878
635	0.6	2.3191445910930635
636	0.68	1.8980094194412231
637	0.72	2.451568080186844
638	0.18	2.2310774159431457
639	0.46	2.2550554049015044
640	0.94	3.1568040370941164
641	0.74	1.8201092219352721
642	0.8	2.7346317028999327
643	0.5	2.6189532995224
644	0.6	1.6084454798698424
645	1.0	3.3422668170928955
646	0.76	3.140836229324341
647	0.62	2.053024182319641
648	0.54	1.8204312813282013
649	0.76	2.3529799234867097
650	0.4	1.8431548833847047
651	0.52	1.912637507915497
652	0.54	2.404309251308441
653	0.56	2.33928213596344
654	0.82	2.4060335636138914
655	0.5	2.307234926223755
656	0.44	2.452763478755951
657	0.34	1.9634921050071716
658	0.64	2.7466605353355407
659	0.84	1.8130982780456544
660	0.56	2.4602284121513365
661	0.98	3.015616216659546
662	0.56	1.4826247632503509
663	0.5	2.6573457431793215
664	0.34	2.094669162034988
665	0.56	3.1031098556518555
666	0.72	1.81357421875
667	0.48	1.8872676241397857
668	0.84	2.001210527420044
669	0.88	1.745286991596222
670	0.76	2.730938682556152
671	0.76	2.913031735420227
672	0.88	2.414329535961151
673	0.32	1.7902578949928283
674	0.76	2.2604946517944335
675	0.38	2.371993372440338
676	0.5	2.3992294883728027
677	0.58	2.2443180012702943
678	0.54	2.120665264129639
679	0.8	1.976966688632965
680	0.8	1.5154380589723586
681	0.3	2.0036778473854064
682	0.7	1.9037400317192077
683	0.58	1.937888641357422
684	0.8	2.1449246764183045
685	0.96	2.0837252807617186
686	0.5	2.2739967107772827
687	0.84	2.8526191687583924
688	0.88	2.0123090600967406
689	0.26	2.4249134945869444
690	0.82	2.8788620042800903
691	0.52	2.032370448112488
692	0.44	2.5667793440818785
693	0.68	2.5757537627220155
694	0.88	2.8188468837738037
695	0.58	2.096975042819977
696	0.58	2.0666350400447846
697	0.62	2.450909194946289
698	0.68	2.642985911369324
699	0.78	2.254575492143631
700	0.62	1.5575446498394012
701	0.92	1.567027657032013
702	0.74	2.120622216463089
703	0.68	3.023916635513306
704	0.76	2.2825928807258604
705	0.6	2.3506002902984617
706	0.56	2.6493741917610167
707	0.74	2.26894451379776
708	0.54	1.9672911262512207
709	0.68	2.3873042941093443
710	0.44	1.9445432233810425
711	0.58	1.6174226582050324
712	0.64	1.8875382697582246
713	0.92	1.4670180940628053
714	0.7	1.9545599663257598
715	0.8	2.34840322971344
716	0.78	2.683388867378235
717	0.68	2.703794627189636
718	0.48	2.139955770969391
719	0.84	1.9093510913848877
720	0.72	2.0281915807724
721	0.62	2.891470396518707
722	0.8	2.2970798659324645
723	0.8	2.63840758562088
724	0.82	2.3831620597839356
725	0.4	2.0457389879226686
726	0.88	1.9477622675895692
727	0.9	2.2454025745391846
728	0.4	2.5552295768260955
729	0.54	2.2270017647743225
730	0.72	3.0385236287117006
731	0.44	2.2123585033416746
732	0.8	1.8342713713645935
733	0.34	1.9980600368976593
734	0.74	2.527159187793732
735	0.68	2.6311914253234865
736	0.78	1.9510503137111663
737	0.62	2.7853910291194914
738	0.7	3.3595200777053833
739	0.9	2.299865679740906
740	0.28	2.287399951219559
741	0.66	3.4291509938240052
742	0.44	1.641699619293213
743	0.64	2.3162101316452026
744	0.32	1.9612906682491302
745	0.62	1.5636782467365264
746	0.82	2.33271605014801
747	0.66	2.07755500793457
748	0.4	2.2166474068164828
749	0.74	1.8621683645248412
750	0.62	2.1246918988227845
751	0.62	2.3505891168117525
752	0.7	2.2804567790031434
753	0.62	2.2513667917251587
754	0.54	2.311640238761902
755	0.92	2.14062819480896
756	0.76	2.4121081757545473
757	0.76	2.282178318500519
758	0.62	2.5317155742645263
759	0.72	2.0538269472122193
760	0.74	2.126873013973236
761	0.66	2.064435998797417
762	0.52	2.677364077568054
763	0.8	1.9302638745307923
764	0.38	2.413049649000168
765	0.64	2.5120208954811094
766	0.86	2.78482421875
767	0.5	2.149759260416031
768	0.82	2.7683589673042297
769	0.68	1.8865509474277495
770	0.78	2.5037061643600462
771	0.88	1.5193630373477935
772	0.58	2.178591742515564
773	0.54	1.6249601531028748
774	0.7	2.2392099785804747
775	0.62	2.7026997065544127
776	0.66	2.3690377998352052
777	0.78	1.9324920201301574
778	0.56	2.1758011865615843
779	0.9	2.6527108669281008
780	0.86	1.9531533002853394
781	0.9	2.761574454307556
782	0.14	2.0281983256340026
783	0.9	1.6989843773841857
784	0.34	1.9759271252155304
785	0.7	1.9611862349510192
786	0.66	2.2202327919006346
787	0.52	2.5421528244018554
788	0.68	3.0551574492454527
789	0.76	2.064768022298813
790	0.62	2.858498866558075
791	0.72	2.9104292857646943
792	0.5	2.430115203857422
793	0.64	2.1781345558166505
794	0.64	1.9769264233112336
795	0.72	2.2900195264816285
796	0.66	2.0964935457706453
797	0.62	2.214600195884705
798	0.72	1.993509247303009
799	0.34	1.9621416449546814
800	0.92	3.364521689414978
801	0.84	2.2980990910530092
802	0.94	2.2896655869483946
803	0.86	2.2883394420146943
804	0.52	1.7664158272743224
805	0.88	2.10327924489975
806	0.5	2.374258623123169
807	0.72	2.3598732423782347
808	0.56	2.608693790435791
809	0.2	2.154330363273621
810	0.46	2.169722989797592
811	0.52	2.0869730615615847
812	0.86	1.947914937734604
813	0.24	2.024593819975853
814	0.88	2.26000559091568
815	0.66	2.559737732410431
816	0.78	2.0169001162052154
817	0.7	2.570544080734253
818	0.24	1.6279687452316285
819	0.64	2.403523180484772
820	0.94	2.537212221622467
821	0.88	2.398777494430542
822	0.86	2.7610941672325136
823	0.58	1.9695392286777496
824	0.48	3.0019614768028258
825	0.76	3.145130362510681
826	0.46	2.190320463180542
827	0.54	2.0905122029781342
828	0.6	2.3569642794132233
829	0.82	2.6635781955718993
830	0.62	2.9010004711151125
831	0.84	1.7006230068206787
832	0.84	2.372707279920578
833	0.76	2.1572034561634066
834	0.48	1.9629946506023408
835	0.56	2.558219463825226
836	0.28	2.1460052764415742
837	0.18	2.323006627559662
838	0.32	2.33896644115448
839	0.56	2.543955681324005
840	0.72	2.0124330484867095
841	0.3	1.9479731130599975
842	0.6	2.4828264474868775
843	0.68	2.69724328994751
844	0.5	1.622433820962906
845	0.46	1.807840405702591
846	0.66	1.8136092948913574
847	0.78	2.3684518241882326
848	0.36	2.02794004201889
849	0.72	1.902295914888382
850	0.76	2.427415075302124
851	0.54	1.9905787658691407
852	0.72	2.060134309530258
853	0.86	2.731716339588165
854	0.8	2.1571834802627565
855	0.68	2.0426115870475767
856	0.64	2.633445885181427
857	0.68	2.9143825817108153
858	0.66	2.9315297961235047
859	0.54	1.7808127439022063
860	0.44	2.7505751943588255
861	0.72	1.9054229256510735
862	0.76	2.1770455968379974
863	0.84	2.8580568432807922
864	0.58	2.437974331378937
865	0.66	3.2112197065353394
866	0.76	3.0301311445236205
867	0.76	2.2207924270629884
868	0.46	2.5891788673400877
869	0.46	2.167195054292679
870	0.68	2.7561328125
871	0.74	1.8888867211341858
872	0.6	2.1549713146686553
873	0.9	2.54487087726593
874	0.94	2.652891447544098
875	0.68	2.4522161865234375
876	0.42	1.7758888852596284
877	0.72	2.5750517868995666
878	0.74	2.5348481273651124
879	0.52	2.6448987436294558
880	0.78	2.6996616077423097
881	0.78	1.8032728624343872
882	0.58	2.082773838043213
883	0.46	2.1815055084228514
884	0.72	2.3456090331077575
885	0.12	2.5093486952781676
886	0.84	2.987210614681244
887	0.54	3.018488144874573
888	0.74	2.5346129536628723
889	0.62	2.4277559113502503
890	0.96	2.478381289243698
891	0.78	2.3459502506256102
892	0.6	2.1310634529590606
893	0.36	2.278065218925476
894	0.64	1.880930722951889
895	0.74	1.5277614748477937
896	0.74	1.3548294031620025
897	0.74	1.8010558879375458
898	0.4	2.3632565319538115
899	0.18	1.9480556523799897
900	0.92	1.9295408129692078
901	0.62	1.8480807626247406
902	0.7	1.6827794206142426
903	0.82	1.8558721363544464
904	0.68	2.779691070318222
905	0.52	2.145626598596573
906	0.28	1.8983809018135072
907	0.36	2.4437974452972413
908	0.4	1.7008055818080903
909	0.44	2.5107082986831664
910	0.44	2.148970445394516
911	0.44	2.808440668582916
912	0.72	2.9722803473472594
913	0.78	2.0580074095726015
914	0.76	2.0568056464195252
915	0.96	2.517333359718323
916	1.0	2.480967413187027
917	0.62	3.691005687713623
918	0.78	2.401819188594818
919	0.74	2.489569927453995
920	0.74	2.094698272943497
921	0.5	2.7788899087905885
922	0.8	2.3149565541744233
923	0.46	2.5299091124534607
924	0.68	2.6580544567108153
925	0.68	1.8625446701049804
926	0.94	2.660715465545654
927	0.9	2.215952231884003
928	0.36	2.2880157899856566
929	0.56	2.1993690276145936
930	0.64	2.6169503474235536
931	0.58	2.6382545614242554
932	0.7	2.6704890608787535
933	0.74	2.4718997287750244
934	0.66	2.5238616061210633
935	0.56	2.161827994585037
936	0.88	2.8719013226032257
937	0.88	2.8339807963371277
938	0.84	2.56258492231369
939	0.76	2.775946269035339
940	0.86	2.070754544734955
941	0.78	2.4595348477363586
942	0.68	2.1882776510715485
943	0.62	2.6015258502960203
944	0.84	2.979897165298462
945	0.8	2.337999441623688
946	0.9	3.068749611377716
947	0.4	3.0666310358047486
948	0.8	1.7432433688640594
949	0.62	2.862662613391876
950	0.68	2.127908571958542
951	0.82	2.180186941623688
952	0.76	2.3295575368404386
953	0.8	2.9099083161354065
954	0.86	2.3566019463539125
955	0.96	3.1413568258285522
956	0.88	2.197538661956787
957	0.84	2.656247615814209
958	0.74	2.4993670320510866
959	0.84	2.533501672744751
960	0.44	2.513266501426697
961	0.3	2.2510614681243895
962	0.58	2.8030743980407715
963	0.72	3.1751634240150453
964	0.68	2.332773427963257
965	0.72	2.357187497615814
966	0.68	1.8757182610034944
967	0.5	1.924224705696106
968	0.36	1.9872771763801576
969	0.48	2.072382025718689
970	0.4	2.249056136608124
971	0.68	2.381184216737747
972	0.62	2.486081802845001
973	0.66	3.00848334312439
974	0.96	1.6129834973812103
975	0.48	2.2652510929107668
976	0.44	1.9800625836849213
977	0.58	1.7388927042484283
978	0.44	2.072472891807556
979	0.84	2.746520652770996
980	0.8	1.6530687999725342
981	0.8	2.5251594257354735
982	0.68	2.5537524008750916
983	0.82	2.073007029294968
984	0.98	2.8114604496955873
985	0.94	2.5145376253128053
986	1.0	2.5609494709968565
987	0.36	2.9645731091499328
988	0.94	2.6680317378044127
989	0.96	2.400233962535858
990	0.9	2.6939409279823305
991	0.96	3.0193725872039794
992	0.84	3.47095463514328
993	0.98	3.0336778569221496
994	0.86	2.8883362722396853
995	1.0	2.9385881567001344
996	0.82	3.0637364196777344
997	0.6	2.7443371176719666
998	0.54	2.61735213637352
999	0.22	1.80562140583992
