0	0.88	3.9686172461509703
1	0.86	2.668596951961517
2	0.72	2.297521939277649
3	0.76	2.084761641025543
4	0.78	2.0151677894592286
5	0.76	2.848368136882782
6	0.58	3.093413574695587
7	0.72	3.6909889245033263
8	0.9	4.064254169464111
9	0.96	3.3367048001289366
10	0.84	3.156945550441742
11	0.94	2.6935263514518737
12	0.86	2.7704571795463564
13	0.96	2.7974796509742736
14	0.88	3.0458298897743226
15	0.9	3.4579910683631896
16	0.74	2.909691071510315
17	0.9	2.968653988838196
18	0.86	3.6594662845134733
19	0.96	2.6473676705360414
20	0.86	3.163991540670395
21	0.78	2.57353835105896
22	0.92	2.5015441834926606
23	0.88	3.0771902871131895
24	0.96	3.563117432594299
25	0.9	4.449789981842041
26	0.72	3.2254233050346373
27	0.72	3.5642151498794554
28	0.86	3.7948170137405395
29	0.92	2.639447147846222
30	0.8	3.849448356628418
31	0.76	2.990340378284454
32	0.42	3.259632078409195
33	0.76	3.296287455558777
34	0.64	3.364871642589569
35	0.56	3.4664827942848206
36	0.56	3.7093921184539793
37	0.78	4.030583946704865
38	0.74	3.0962567806243895
39	0.76	4.009881200790406
40	0.6	2.848852050304413
41	0.88	4.212352952957153
42	0.72	3.579726974964142
43	0.84	3.852495217323303
44	0.58	3.818343060016632
45	0.76	4.022336549758911
46	0.48	3.3161272192001343
47	0.74	3.463265314102173
48	0.88	3.900122785568237
49	0.64	3.781608748435974
50	0.86	3.5947536492347716
51	0.86	3.4460228061676026
52	0.76	3.7236471462249754
53	0.84	3.107122528553009
54	0.58	3.865690381526947
55	0.46	3.252405517101288
56	0.78	3.78105473279953
57	0.9	4.318590564727783
58	0.66	3.621990976333618
59	0.56	2.634700664281845
60	0.36	3.6926211738586425
61	0.78	3.689992823600769
62	0.46	3.824399325847626
63	0.84	3.3095830726623534
64	0.64	2.954192066192627
65	0.66	3.7911188888549803
66	0.48	3.7486040878295896
67	0.62	4.1927467370033265
68	0.36	3.743569406270981
69	0.94	3.36466477394104
70	0.82	2.940439224243164
71	0.88	3.069384181499481
72	0.92	2.7883131432533266
73	0.56	2.746264760494232
74	0.52	2.7345850563049314
75	0.84	2.69860369682312
76	0.9	3.7058792781829832
77	0.64	3.3231489205360414
78	0.76	2.6425346875190736
79	0.66	3.529174499511719
80	0.9	3.1287631392478943
81	0.82	3.430033860206604
82	0.86	3.929980478286743
83	0.94	3.4586364006996155
84	0.86	4.61723215341568
85	0.82	3.581961498260498
86	0.76	3.6875725483894346
87	0.96	2.6872158098220824
88	0.92	3.5176315355300902
89	0.92	2.9507939887046812
90	0.96	3.617557783126831
91	0.9	3.732216591835022
92	0.94	2.404948593378067
93	0.9	3.2580600452423094
94	0.92	2.2502586793899537
95	0.92	2.6573919749259947
96	0.84	3.2984334993362427
97	0.84	3.3000438475608824
98	0.88	3.082169156074524
99	0.66	3.370048232078552
100	0.96	3.188879544734955
101	0.6	3.8310638284683227
102	0.98	4.618240201473236
103	0.72	2.720100028514862
104	0.8	3.935993723869324
105	0.9	3.864902319908142
106	0.78	3.412401158809662
107	0.84	2.581135197877884
108	0.6	4.234426021575928
109	0.9	4.170825514793396
110	0.84	4.456820340156555
111	0.86	1.6807812571525573
112	0.76	2.8723752450942994
113	0.74	3.4505181813240053
114	0.7	3.6698417687416076
115	0.8	3.876940371990204
116	0.8	4.12352992773056
117	0.84	3.170289783477783
118	0.76	3.6949840998649597
119	0.66	4.115264248847962
120	0.76	3.457266049385071
121	0.86	3.916082978248596
122	0.8	3.739229927062988
123	0.8	4.508735618591309
124	0.42	3.6834606242179873
125	0.76	3.3992454743385316
126	0.62	3.12879900932312
127	0.84	2.8336459732055665
128	0.76	3.347687385082245
129	0.98	3.2354990339279173
130	0.94	3.16461936712265
131	0.86	3.7776275849342347
132	0.94	2.897147613763809
133	0.84	4.165101261138916
134	0.7	3.3850916910171507
135	0.94	3.8410391449928283
136	0.9	4.147755906581879
137	0.86	3.2596472334861755
138	0.96	3.8926446771621706
139	0.96	3.2540130710601805
140	0.8	3.130919945240021
141	0.86	3.0799573469161987
142	0.86	3.102085075378418
143	0.86	2.8262229132652283
144	0.94	2.9931365752220156
145	0.92	3.136629090309143
146	0.88	3.0207437896728515
147	0.86	3.1903424048423767
148	0.94	2.9680799531936644
149	0.82	2.2569515228271486
150	0.78	3.2131740379333498
151	0.64	2.8771288871765135
152	0.7	2.7338237237930296
153	0.74	2.5893586540222167
154	0.78	2.796827552318573
155	0.76	2.98913067817688
156	0.88	3.10327166557312
157	0.86	3.1999541759490966
158	0.58	3.068878743648529
159	0.7	3.4962727069854735
160	0.94	3.373159668445587
161	0.8	3.1146771574020384
162	0.76	3.1242861127853394
163	0.52	3.0995208621025085
164	0.84	3.384967725276947
165	0.56	3.1972883462905886
166	0.74	3.0332684922218323
167	0.32	3.071045093536377
168	0.68	3.3649493789672853
169	0.94	3.0556010746955873
170	0.58	3.319789128303528
171	0.78	2.97765625
172	0.72	3.3959757399559023
173	0.66	3.24845463514328
174	0.86	3.1986742544174196
175	0.64	3.431900889873505
176	0.8	3.210677213668823
177	0.84	3.3607262229919432
178	0.9	3.2008633637428283
179	0.68	3.5327590703964233
180	0.62	3.012520742416382
181	0.94	3.2315692996978758
182	0.82	3.3536499452590944
183	0.76	3.1734630155563353
184	0.7	3.305631754398346
185	0.62	3.452500038146973
186	0.68	3.1560857629776002
187	0.56	3.2832529616355894
188	0.68	3.7410351538658144
189	0.68	3.2942283010482787
190	0.82	2.551770944595337
191	0.82	3.5137169218063353
192	0.78	3.4257266521453857
193	0.5	3.4205516672134397
194	0.8	2.9535271763801574
195	0.9	2.9656006836891176
196	0.66	3.0319591093063356
197	0.64	3.52069078207016
198	0.78	3.551032738685608
199	0.72	3.2244096755981446
200	0.62	3.452112970352173
201	0.64	3.412564964294434
202	0.58	3.4174087142944334
203	0.9	2.8004356670379638
204	0.62	2.791271116733551
205	0.8	3.258343834877014
206	0.68	3.5146707701683044
207	0.88	3.286096143722534
208	0.82	2.8584071922302248
209	0.78	3.313246581554413
210	0.8	3.66645804643631
211	0.66	3.139604187011719
212	0.72	3.1776048374176025
213	0.74	3.4057924246788023
214	0.8	3.403679058551788
215	0.82	3.1763385057449343
216	0.9	3.28576890707016
217	0.9	3.3413843154907226
218	0.88	3.561387107372284
219	0.7	3.2674477887153626
220	0.7	3.2127606868743896
221	0.8	3.6145009565353394
222	0.72	2.7210419297218325
223	0.82	2.894840171337128
224	0.66	3.021131989955902
225	0.88	3.301075038909912
226	0.56	3.2454185104370117
227	0.74	3.2106540846824645
228	0.84	3.290028703212738
229	0.84	2.8423752427101134
230	0.64	3.003897879123688
231	0.64	3.3036790180206297
232	0.74	3.3163608169555663
233	0.72	3.3967330932617186
234	0.9	3.3097118377685546
235	0.66	3.4437392425537108
236	0.7	3.416626722812653
237	0.62	3.2587476062774656
238	0.48	3.081088161468506
239	0.94	3.191604769229889
240	0.3	3.498172452449799
241	0.7	3.0706249904632568
242	0.74	3.3508302783966064
243	0.82	3.3913157629966735
244	0.88	3.1106772136688234
245	0.82	2.7725757360458374
246	0.54	3.173207893371582
247	0.9	3.0745153045654297
248	0.5	2.9220691204071043
249	0.72	3.2049561595916747
250	0.56	3.0459618091583254
251	0.92	3.224295647144318
252	0.82	2.940133571624756
253	0.84	3.175361933708191
254	0.9	3.1666055631637575
255	0.96	3.4206732320785522
256	0.74	3.1003806471824644
257	0.68	2.7634390878677366
258	0.98	2.5093040657043457
259	0.92	2.940749764442444
260	0.82	3.1701905131340027
261	0.88	3.035781247615814
262	0.86	3.0387675046920775
263	0.8	2.9265820217132568
264	0.78	3.5195487689971925
265	0.54	2.721293451786041
266	0.56	2.846446921825409
267	0.84	3.295515768527985
268	0.94	3.0548050713539125
269	0.7	3.10471301317215
270	0.86	2.9842721724510195
271	0.56	3.1096364760398867
272	0.56	3.166008850336075
273	0.74	3.5019144415855408
274	0.86	3.8083011865615846
275	1.0	4.007538261413575
276	0.9	3.5235451579093935
277	0.62	3.094216401576996
278	0.68	3.8976618528366087
279	0.94	2.804245455265045
280	0.7	3.2606226325035097
281	0.6	3.0549011540412905
282	0.18	3.372684946060181
283	0.84	2.396922435760498
284	0.94	2.6644264006614686
285	0.48	2.9766182851791383
286	0.9	3.4090015268325806
287	0.68	3.098968014717102
288	0.86	3.478311126232147
289	0.88	3.3649641060829163
290	0.72	3.907421894073486
291	0.86	3.073461420536041
292	0.9	3.5387567615509035
293	0.94	3.671674900054932
294	0.96	3.127881848812103
295	0.86	3.4022540760040285
296	0.9	2.3912495946884156
297	0.74	2.7137236976623536
298	0.7	3.464349112510681
299	0.76	3.1238420629501342
300	0.88	3.6646500277519225
301	0.86	3.118094685077667
302	0.72	3.118326699733734
303	0.68	3.240990495681763
304	0.6	2.933670299053192
305	0.86	3.8270149183273316
306	0.86	3.1856903553009035
307	0.8	2.618204321861267
308	0.76	3.0801642322540284
309	0.66	3.429493796825409
310	0.7	2.7898509335517883
311	0.62	3.0354575753211974
312	0.58	2.8973329877853393
313	0.62	2.984619755744934
314	0.68	2.981491161584854
315	0.58	2.5750833106040956
316	0.9	3.3435881757736206
317	0.9	2.888973209857941
318	0.78	2.5009131956100465
319	0.74	2.8078918194770814
320	0.84	2.5216721200942995
321	0.96	3.7026598405838014
322	0.9	3.4589150047302244
323	0.88	3.979472258090973
324	0.92	3.06919762134552
325	0.94	3.361033182144165
326	0.92	2.8065716433525085
327	0.82	4.317993903160096
328	0.8	4.15269050359726
329	0.7	3.815752522945404
330	0.72	3.506010468006134
331	0.88	3.266783709526062
332	0.92	2.661719937324524
333	0.98	2.7505253458023073
334	0.88	4.081882138252258
335	0.68	3.2945627331733705
336	0.9	4.059150176048279
337	0.74	3.6969866228103636
338	0.7	2.9577929830551146
339	0.96	3.6429205465316774
340	0.98	3.9403587627410888
341	0.54	3.686897699832916
342	0.82	3.746126027107239
343	0.92	3.8259813165664673
344	0.92	3.3324433898925783
345	0.5	3.7245690965652467
346	0.86	3.7407242488861083
347	0.88	3.5180209922790526
348	0.54	3.618486943244934
349	0.64	3.7303061270713807
350	0.86	3.638454236984253
351	0.96	3.3190345907211305
352	0.8	3.782384397983551
353	0.66	3.5995523881912233
354	0.94	3.6817749547958374
355	0.82	3.1896261048316954
356	0.46	3.253326313495636
357	0.8	3.592125327587128
358	0.42	2.4835016536712646
359	0.78	3.069745273590088
360	0.72	2.9728192567825316
361	0.88	3.5021767616271973
362	0.86	3.3136909770965577
363	0.9	4.117706475257873
364	0.98	3.7952009081840514
365	0.86	3.3558051586151123
366	0.7	3.1007673120498658
367	0.8	3.1882788848876955
368	0.72	3.0646133756637575
369	0.72	2.8153180575370786
370	0.82	3.4460770082473755
371	0.62	3.097765860557556
372	0.88	3.1270571517944337
373	0.72	2.9998839926719665
374	0.6	2.559659173488617
375	0.82	3.243491714000702
376	1.0	3.826617078781128
377	0.7	3.070650885105133
378	0.74	3.598621656894684
379	0.78	3.7353882646560668
380	0.58	3.4886483669281008
381	0.38	3.353899846076965
382	0.7	3.086735475063324
383	0.74	3.3179851031303405
384	0.86	3.8070480108261107
385	0.7	3.133376135826111
386	0.44	3.363425154685974
387	0.94	3.4034945154190064
388	0.94	3.2595463752746583
389	0.7	3.0945703315734865
390	0.62	3.8666948223114015
391	0.82	3.2152164578437805
392	0.94	3.437807710170746
393	0.78	3.9644861888885496
394	0.7	3.09032087802887
395	0.66	3.149927456378937
396	0.94	4.535259499549865
397	0.8	3.5341876459121706
398	0.8	2.9321879029273985
399	0.8	2.3964473009109497
400	0.44	3.454428834915161
401	0.74	2.981759810447693
402	0.44	3.0360000872612
403	0.78	2.4138353061676026
404	0.9	2.210965392589569
405	0.72	1.8891904592514037
406	0.66	4.344622912406922
407	0.92	3.606802854537964
408	0.72	3.0530628466606142
409	0.6	2.6551307535171507
410	0.86	4.314914693832398
411	0.62	3.6683653521537782
412	0.48	3.0584235644340514
413	0.58	3.24404137134552
414	0.34	2.8843534708023073
415	0.4	3.6869088768959046
416	0.76	2.548783082962036
417	0.9	2.6801040291786196
418	0.5	2.4888161647319795
419	0.64	2.3009693813323975
420	0.88	3.1422887539863584
421	0.66	3.0612165236473086
422	0.58	2.646444519162178
423	0.76	3.2357055282592775
424	0.56	3.3538743352890013
425	0.94	3.434735698699951
426	0.8	2.849073281288147
427	0.58	2.9554535794258117
428	0.68	3.969122705459595
429	0.74	3.2274374032020567
430	0.86	3.309304060935974
431	0.74	2.7730823755264282
432	0.84	2.6741023766994476
433	0.62	3.233631227016449
434	0.52	2.968419575691223
435	0.36	2.4101243698596955
436	0.64	3.424081254005432
437	0.68	2.291599167585373
438	0.48	2.559980847835541
439	0.8	3.5039604711532593
440	0.72	3.34355708360672
441	0.6	2.975890460014343
442	0.68	2.9763943195343017
443	0.62	3.204084458351135
444	0.8	4.0431967544555665
445	0.52	3.289740495681763
446	0.58	2.28765184879303
447	0.58	2.9796651673316954
448	0.84	3.5630373334884644
449	0.76	3.6738010454177856
450	0.84	2.910042233467102
451	0.8	2.767483265399933
452	0.62	3.321729917526245
453	0.64	3.393255331516266
454	0.56	3.8794439578056337
455	0.6	3.6740903735160826
456	0.68	3.210737020969391
457	0.62	2.473716130256653
458	0.9	3.9751705932617187
459	0.6	2.4892669773101805
460	0.54	2.657810113430023
461	0.44	3.0284199690818787
462	0.64	3.5504747462272643
463	0.58	2.950895657539368
464	0.48	2.8947178101539612
465	0.6	2.76685866355896
466	0.96	3.1453595304489137
467	0.76	4.206886172294617
468	0.68	3.6037627506256102
469	0.44	3.4005158019065855
470	0.54	2.5004866790771483
471	0.82	3.398865578174591
472	0.9	3.5721898460388184
473	0.6	1.8920200991630554
474	0.66	3.2171683621406557
475	0.9	2.714267373085022
476	0.98	4.400331602096558
477	0.64	3.127723615169525
478	0.42	2.650526144504547
479	0.36	3.2004978394508363
480	0.68	2.820110421180725
481	0.5	2.9971034026145933
482	0.28	2.632533884048462
483	0.76	3.2951797890663146
484	0.72	2.6677271819114683
485	0.36	2.6467494344711304
486	0.78	3.138240599632263
487	0.68	2.412421443462372
488	0.3	2.9633143377304076
489	0.56	4.008841638565063
490	0.68	3.474217174053192
491	0.9	3.61984614610672
492	0.64	3.0553591370582582
493	0.34	2.384324767589569
494	0.56	3.061867814064026
495	0.78	3.123119013309479
496	0.86	3.1716139030456545
497	0.68	3.4877770066261293
498	0.62	3.136205747127533
499	0.24	2.9369136667251587
500	0.92	3.651487956047058
501	0.32	3.0039740109443667
502	0.52	2.96000679731369
503	0.54	2.477876675128937
504	0.42	2.66710777759552
505	0.62	2.6620974230766294
506	0.7	3.6455699682235716
507	0.66	2.626315748691559
508	0.62	2.760725429058075
509	0.6	4.757726397514343
510	0.82	2.680560426712036
511	0.72	2.936836760044098
512	0.76	2.033322719335556
513	0.54	3.134568727016449
514	0.64	3.3419706892967223
515	0.62	3.0334091925621034
516	0.44	2.8010160064697267
517	0.72	2.831328513622284
518	0.92	2.5901307559013365
519	0.54	3.412996244430542
520	0.72	3.0898242211341858
521	0.7	3.083533568382263
522	0.8	3.8140222239494324
523	0.42	2.805100040435791
524	0.48	3.3162077617645265
525	0.74	2.939458293914795
526	0.64	2.9881448936462403
527	0.5	2.723785886764526
528	0.9	2.794194054603577
529	0.62	2.8534618186950684
530	0.6	2.2651614284515382
531	0.5	3.023936538696289
532	0.76	3.1211280179023744
533	0.9	4.5341884136199955
534	0.46	2.8115250492095947
535	0.92	3.4458302545547483
536	0.5	3.206105318069458
537	0.9	3.383836495876312
538	0.72	3.7206541085243225
539	0.54	3.1463193678855896
540	0.84	2.7188077926635743
541	0.42	3.214448697566986
542	0.5	2.5703651452064515
543	0.5	2.953175630569458
544	0.64	3.4936626982688903
545	0.86	3.2405508494377138
546	0.7	3.3683198928833007
547	0.88	3.684903092384338
548	0.9	2.5120798921585084
549	0.48	2.6893295681476594
550	0.72	1.87835578083992
551	0.68	2.4055026149749756
552	0.82	3.1741223096847535
553	0.78	2.1618598604202273
554	0.92	2.7288787245750425
555	0.76	3.782796950340271
556	0.48	3.0819690728187563
557	0.7	2.200610648393631
558	0.34	3.229535207748413
559	0.64	3.1772528743743895
560	0.88	3.6306600856781004
561	0.8	3.7446564054489135
562	0.86	3.2375550055503846
563	0.78	2.4180165839195253
564	0.82	2.9754798817634582
565	1.0	3.3886925745010377
566	0.72	3.5762093353271482
567	0.44	3.001029980182648
568	0.78	2.967947254180908
569	0.86	3.164717421531677
570	0.78	2.576523449420929
571	0.76	3.4525721645355225
572	0.6	2.613425552845001
573	0.9	3.391916449069977
574	0.86	2.540465977191925
575	0.74	3.5491789269447325
576	0.96	3.5955520558357237
577	0.84	2.6831943559646607
578	0.8	2.9353368377685545
579	0.7	2.9305010330677033
580	0.78	4.2882864594459535
581	0.74	3.392036020755768
582	0.6	4.629481401443481
583	0.88	3.289082415103912
584	0.44	3.08911630153656
585	0.34	2.764694268703461
586	0.74	3.2183115315437316
587	0.48	2.9000837087631224
588	0.64	3.6624740743637085
589	0.52	2.6429061818122865
590	0.46	2.3921193397045135
591	0.76	2.9216330361366274
592	0.72	3.0580038237571716
593	0.68	2.791067044734955
594	0.92	3.6620631647109985
595	0.74	3.3434103751182556
596	0.46	3.4704914569854735
597	0.68	3.1758131432533263
598	0.66	2.6089209961891173
599	0.54	4.171489567756653
600	0.22	2.7275665855407714
601	0.64	3.4090684843063355
602	0.6	3.137469689846039
603	0.86	3.7801020622253416
604	0.9	2.3440441703796386
605	0.72	2.319496998786926
606	0.76	2.2767111682891845
607	0.94	2.4110148119926453
608	0.68	3.407503981590271
609	0.8	3.436157913208008
610	0.8	2.6368630480766297
611	0.78	4.235868558883667
612	0.9	3.89478515625
613	0.72	2.4695396101474762
614	0.86	3.7571460747718812
615	0.7	2.087205840200186
616	0.68	3.2848816299438477
617	0.78	2.4649139046669006
618	0.26	3.117825281620026
619	0.62	2.6100860953330995
620	0.18	2.5110268115997316
621	0.8	3.866271495819092
622	0.48	2.700537691116333
623	0.22	2.618810999393463
624	0.54	3.82848931312561
625	0.96	3.2987252712249755
626	0.52	2.4413157522678377
627	0.72	3.0136328387260436
628	0.88	2.7728898191452025
629	0.76	2.5123038864135743
630	0.8	3.004544758796692
631	0.56	2.4151506423950195
632	0.6	2.1531469202041627
633	0.36	2.6229627776145934
634	0.76	3.6836754846572877
635	0.58	3.0871420550346373
636	0.62	2.520479117631912
637	0.7	3.303437089920044
638	0.26	2.9895938539505007
639	0.4	3.0084841370582582
640	0.94	4.276305432319641
641	0.72	2.4036380076408386
642	0.8	3.6489381408691406
643	0.52	3.529821803569794
644	0.62	2.172118149995804
645	1.0	4.466760187149048
646	0.8	4.25403778553009
647	0.6	2.775608661174774
648	0.5	2.475158236026764
649	0.78	3.20739798784256
650	0.42	2.4840194571018217
651	0.52	2.5896743535995483
652	0.66	3.1984566164016726
653	0.56	3.1458426094055176
654	0.8	3.2108972454071045
655	0.52	3.0948529267311096
656	0.48	3.2831935501098632
657	0.32	2.6389174008369447
658	0.64	3.7084410905838014
659	0.82	2.479881627559662
660	0.5	3.3139066171646117
661	0.94	4.013133330345154
662	0.54	2.0463942813873293
663	0.48	3.556892547607422
664	0.42	2.822412314414978
665	0.56	4.123779892921448
666	0.74	2.4462846863269805
667	0.54	2.498760368824005
668	0.82	2.712024440765381
669	0.9	2.3912866616249087
670	0.74	3.629934628009796
671	0.74	3.897266011238098
672	0.88	3.301692864894867
673	0.36	2.407131725549698
674	0.78	3.057399549484253
675	0.4	3.1774581360816954
676	0.52	3.2292693662643432
677	0.56	3.0103846442699433
678	0.56	2.8472317099571227
679	0.82	2.688401656150818
680	0.78	2.0009674018621446
681	0.32	2.6991673421859743
682	0.7	2.6010395216941835
683	0.58	2.55059951543808
684	0.8	2.906318552494049
685	0.96	2.8156584692001343
686	0.44	3.0867542386054994
687	0.84	3.7989026594161985
688	0.9	2.6836104702949526
689	0.22	3.2922233653068544
690	0.82	3.8275000143051146
691	0.52	2.7122783732414244
692	0.46	3.439977278709412
693	0.72	3.467650656700134
694	0.92	3.7742319083213807
695	0.62	2.804685480594635
696	0.6	2.777634323835373
697	0.64	3.30026186466217
698	0.62	3.552950782775879
699	0.78	2.974311261177063
700	0.68	2.1291621494293214
701	0.94	2.1681668508052825
702	0.72	2.7711890184879304
703	0.68	4.066305415630341
704	0.8	3.082195854187012
705	0.62	3.125260670185089
706	0.58	3.5550832986831664
707	0.74	3.0196639943122863
708	0.5	2.6760531139373778
709	0.72	3.2437101340293886
710	0.44	2.6214827728271484
711	0.6	2.131214506626129
712	0.62	2.576006463766098
713	0.92	1.9733219027519227
714	0.7	2.6420535826683045
715	0.8	3.14393093585968
716	0.8	3.5829958653450014
717	0.68	3.6076223754882815
718	0.44	2.893743641376495
719	0.88	2.5963245129585264
720	0.74	2.7305966997146607
721	0.7	3.8905795860290526
722	0.82	3.0368351626396177
723	0.82	3.540892059803009
724	0.86	3.211542193889618
725	0.44	2.776754603385925
726	0.88	2.597946832180023
727	0.88	3.0233793103694917
728	0.44	3.4364058566093445
729	0.52	2.990158643722534
730	0.7	4.079000315666199
731	0.44	2.9881027007102965
732	0.82	2.452803337574005
733	0.38	2.712138066291809
734	0.74	3.383856801986694
735	0.7	3.5436077237129213
736	0.8	2.6469085025787353
737	0.62	3.700780460834503
738	0.74	4.492908535003662
739	0.9	3.093479733467102
740	0.32	3.0688416719436646
741	0.66	4.672711629867553
742	0.4	2.204266986846924
743	0.66	3.087815270423889
744	0.32	2.6502232003211974
745	0.64	2.0919288182258606
746	0.86	3.0976482820510864
747	0.66	2.796994171142578
748	0.5	2.996737860441208
749	0.72	2.5252527165412904
750	0.66	2.8854105353355406
751	0.62	3.1732697248458863
752	0.72	3.0544024753570556
753	0.62	3.024984459877014
754	0.58	3.1069503450393676
755	0.92	2.8979950737953186
756	0.74	3.257644684314728
757	0.7	3.043178424835205
758	0.64	3.4015250039100646
759	0.7	2.751099696159363
760	0.72	2.881792492866516
761	0.68	2.781912477016449
762	0.5	3.574232702255249
763	0.8	2.5746233439445496
764	0.42	3.255030300617218
765	0.66	3.3530062222480774
766	0.84	3.739184856414795
767	0.54	2.889828245639801
768	0.84	3.6921332693099975
769	0.72	2.5485220098495485
770	0.78	3.3304065895080566
771	0.86	2.037810909748077
772	0.54	2.957511582374573
773	0.58	2.173265323638916
774	0.66	3.0339831352233886
775	0.62	3.64045996427536
776	0.6	3.1597361159324646
777	0.7	2.614618136882782
778	0.64	2.9073951661586763
779	0.9	3.5422532296180727
780	0.84	2.582263650894165
781	0.9	3.6952925729751587
782	0.14	2.7239576745033265
783	0.9	2.277729580402374
784	0.36	2.6769188475608825
785	0.76	2.651911654472351
786	0.64	2.9940274357795715
787	0.54	3.418096718788147
788	0.72	4.051484394073486
789	0.78	2.7513018012046815
790	0.58	3.785493879318237
791	0.7	3.884000735282898
792	0.52	3.265583953857422
793	0.64	2.9283394598960877
794	0.66	2.6976945328712465
795	0.76	3.0878332352638242
796	0.66	2.8361957931518553
797	0.64	2.9927579188346862
798	0.72	2.736037929058075
799	0.38	2.639801104068756
800	0.94	4.494874410629272
801	0.86	3.13870733499527
802	0.92	3.0868016624450685
803	0.86	3.094713408946991
804	0.54	2.4039106130599976
805	0.9	2.778234612941742
806	0.56	3.2244048929214477
807	0.72	3.1454065680503844
808	0.6	3.4984594082832334
809	0.28	2.9024832606315614
810	0.48	2.8698919677734374
811	0.5	2.8469491505622866
812	0.86	2.640863356590271
813	0.26	2.7164213913679123
814	0.86	3.055308496952057
815	0.66	3.448794634342194
816	0.88	2.756729907989502
817	0.68	3.438718137741089
818	0.2	2.214550396203995
819	0.7	3.223579800128937
820	0.94	3.4045515871047973
821	0.9	3.2278938031196596
822	0.84	3.677584114074707
823	0.62	2.6598154425621034
824	0.5	4.064121479988098
825	0.76	4.22182635307312
826	0.48	2.934053702354431
827	0.54	2.822690532207489
828	0.62	3.163623652458191
829	0.84	3.5377765917778015
830	0.6	3.87280770778656
831	0.84	2.318946099281311
832	0.86	3.204483027458191
833	0.72	2.9355002427101136
834	0.56	2.64267258644104
835	0.6	3.4847843170166017
836	0.2	2.8780775797367095
837	0.2	3.0947508692741392
838	0.38	3.1529998207092285
839	0.56	3.43170960187912
840	0.74	2.7027176332473757
841	0.26	2.670135109424591
842	0.64	3.337110548019409
843	0.7	3.633489751815796
844	0.5	2.242529489994049
845	0.54	2.4387253057956695
846	0.62	2.4818459033966063
847	0.76	3.191016845703125
848	0.26	2.722243297100067
849	0.72	2.560557619333267
850	0.84	3.2743251752853393
851	0.62	2.683332259654999
852	0.74	2.7872321510314944
853	0.86	3.663740038871765
854	0.82	2.918795449733734
855	0.64	2.7622564578056337
856	0.66	3.4964851927757263
857	0.64	3.948269290924072
858	0.66	3.91338406085968
859	0.58	2.380998888015747
860	0.48	3.6676885724067687
861	0.66	2.600863747000694
862	0.8	2.9382114672660826
863	0.86	3.851751847267151
864	0.62	3.2900633788108826
865	0.66	4.271842694282531
866	0.78	4.065972583293915
867	0.76	3.0151347279548646
868	0.52	3.4972831654548644
869	0.5	2.9100071883201597
870	0.68	3.693160448074341
871	0.72	2.517578902244568
872	0.6	2.9034781885147094
873	0.88	3.414809422492981
874	0.92	3.529916262626648
875	0.64	3.282921290397644
876	0.46	2.4299234569072725
877	0.76	3.436016843318939
878	0.78	3.355693984031677
879	0.52	3.548494882583618
880	0.8	3.6297457122802737
881	0.78	2.3792996621131897
882	0.66	2.8188201546669007
883	0.46	2.952615990638733
884	0.76	3.210885293483734
885	0.12	3.390165424346924
886	0.9	3.975959415435791
887	0.56	4.062146873474121
888	0.8	3.4326303458213805
889	0.6	3.256295440196991
890	0.94	3.2634358978271485
891	0.78	3.139972507953644
892	0.62	2.908072364330292
893	0.42	3.107486445903778
894	0.66	2.543840079307556
895	0.76	2.077157983779907
896	0.72	1.8466147184371948
897	0.74	2.4502459239959715
898	0.44	3.17478556394577
899	0.2	2.6427858090400695
900	0.94	2.6223803877830507
901	0.6	2.4977371668815613
902	0.7	2.2469611048698424
903	0.84	2.4689369440078734
904	0.66	3.6976203322410583
905	0.6	2.883341829776764
906	0.28	2.536844313144684
907	0.36	3.273901870250702
908	0.42	2.3444598937034606
909	0.46	3.38669926404953
910	0.52	2.9399011373519897
911	0.4	3.800897650718689
912	0.72	3.9760036754608152
913	0.8	2.8040613031387327
914	0.74	2.8001709938049317
915	0.94	3.4008996534347533
916	0.98	3.2392793226242067
917	0.66	4.8983299255371096
918	0.8	3.2219598937034606
919	0.76	3.3247700262069704
920	0.74	2.8284470558166506
921	0.58	3.7154715847969055
922	0.82	3.1503774774074556
923	0.46	3.4044778776168823
924	0.7	3.5431118392944336
925	0.64	2.544770803451538
926	0.9	3.5750593900680543
927	0.92	2.991071779727936
928	0.44	3.087733972072601
929	0.62	2.9686523509025573
930	0.62	3.560912797451019
931	0.58	3.575525345802307
932	0.7	3.578626043796539
933	0.82	3.3292171812057494
934	0.7	3.3911124658584595
935	0.64	2.912195072174072
936	0.86	3.8688185715675356
937	0.9	3.769286115169525
938	0.86	3.4268590307235716
939	0.8	3.7565007495880125
940	0.84	2.829651620388031
941	0.76	3.327307496070862
942	0.7	2.971504707336426
943	0.62	3.5145180892944334
944	0.84	3.980292568206787
945	0.82	3.104785530567169
946	0.88	4.095325260162354
947	0.38	4.102497613430023
948	0.86	2.3543913519382476
949	0.66	3.8394802474975585
950	0.68	2.9061367762088777
951	0.84	2.9614393281936646
952	0.76	3.133289215564728
953	0.92	3.896572070121765
954	0.86	3.161892123222351
955	0.94	4.285863790512085
956	0.88	2.8922166061401366
957	0.86	3.5669252395629885
958	0.76	3.421786115169525
959	0.82	3.401364417076111
960	0.5	3.3535419130325317
961	0.3	3.0685722160339357
962	0.6	3.791196179389954
963	0.74	4.262138867378235
964	0.68	3.1935140347480773
965	0.84	3.176426589488983
966	0.68	2.5140274304151533
967	0.58	2.5877459335327146
968	0.44	2.6816713201999662
969	0.44	2.8095735025405886
970	0.4	3.075254294872284
971	0.74	3.190792828798294
972	0.58	3.3980672216415404
973	0.74	4.172199461460114
974	0.96	2.2426694059371948
975	0.48	3.098137366771698
976	0.42	2.7246448493003843
977	0.58	2.3880349242687227
978	0.34	2.83802613735199
979	0.76	3.769750862121582
980	0.8	2.306293042898178
981	0.78	3.3834048390388487
982	0.74	3.4344945883750917
983	0.84	2.8541629576683043
984	0.98	3.858245406150818
985	0.96	3.314233486652374
986	1.0	3.415587112903595
987	0.36	3.947605652809143
988	0.94	3.5759147691726683
989	0.94	3.2011268448829653
990	0.92	3.628020935058594
991	0.96	4.002534694671631
992	0.86	4.6491976070404055
993	0.96	4.0189130496978756
994	0.84	3.8317793440818786
995	1.0	3.9254193544387816
996	0.82	4.063416352272034
997	0.72	3.6349322247505187
998	0.46	3.4783788824081423
999	0.34	2.4605667924880983
