0	0.88	4.7848290348052975
1	0.86	3.2348967933654786
2	0.76	2.786514663696289
3	0.76	2.5691015577316283
4	0.8	2.500360724925995
5	0.74	3.4050546002388002
6	0.64	3.8248764371871946
7	0.72	4.444970164299011
8	0.9	4.859697027206421
9	0.96	4.008597373962402
10	0.84	3.761687240600586
11	0.94	3.2391729044914244
12	0.86	3.329234685897827
13	0.96	3.3756186246871946
14	0.9	3.650445609092712
15	0.9	4.12868145942688
16	0.8	3.47178733587265
17	0.9	3.5479516267776487
18	0.88	4.377696884870529
19	0.98	3.178462209701538
20	0.88	3.7788639760017393
21	0.76	3.117190306186676
22	0.92	3.010962965488434
23	0.88	3.698825364112854
24	0.96	4.225730257034302
25	0.9	5.320118389129639
26	0.68	3.8178288173675536
27	0.74	4.279665958881378
28	0.88	4.564378190040588
29	0.92	3.1705883312225343
30	0.82	4.605414161682129
31	0.76	3.609689865112305
32	0.42	3.918869968652725
33	0.76	3.9944367742538454
34	0.64	4.061614327430725
35	0.6	4.150839836597442
36	0.52	4.406146349906922
37	0.8	4.816502313613892
38	0.74	3.7089783453941347
39	0.72	4.812271595001221
40	0.56	3.4326929235458374
41	0.88	5.004153394699097
42	0.74	4.285363526344299
43	0.82	4.62251157283783
44	0.64	4.562172708511352
45	0.76	4.826884174346924
46	0.44	3.989768421649933
47	0.72	4.116033563613891
48	0.88	4.671552929878235
49	0.68	4.54951687335968
50	0.8	4.3173855519294735
51	0.88	4.149950587749482
52	0.74	4.44648952960968
53	0.84	3.7383880639076232
54	0.58	4.587872681617736
55	0.46	3.921332929134369
56	0.78	4.513407208919525
57	0.86	5.138830537796021
58	0.66	4.330594289302826
59	0.58	3.1630369067192077
60	0.38	4.416959412097931
61	0.78	4.422259254455566
62	0.44	4.5738353395462035
63	0.84	3.935401396751404
64	0.64	3.560333240032196
65	0.68	4.641909279823303
66	0.44	4.478380899429322
67	0.6	5.016377983093261
68	0.36	4.496955907344818
69	0.94	4.069158930778503
70	0.84	3.5562998270988464
71	0.88	3.6661679196357726
72	0.92	3.329479856491089
73	0.52	3.2954289174079894
74	0.6	3.2941051173210143
75	0.84	3.250818684101105
76	0.92	4.437531077861786
77	0.68	3.9294909763336183
78	0.74	3.1216131114959715
79	0.72	4.245820271968841
80	0.9	3.7754376411437987
81	0.8	4.095222425460816
82	0.84	4.68539345741272
83	0.94	4.131677644252777
84	0.92	5.56126398563385
85	0.86	4.282749125957489
86	0.78	4.400169801712036
87	0.96	3.2328750896453857
88	0.92	4.214367432594299
89	0.92	3.5376705956459045
90	0.96	4.339539241790772
91	0.9	4.4647465372085575
92	0.94	2.9037173080444334
93	0.86	3.885951852798462
94	0.92	2.731792905330658
95	0.92	3.1976670265197753
96	0.84	3.949562342166901
97	0.8	3.962262809276581
98	0.88	3.696725912094116
99	0.64	4.051981847286225
100	0.98	3.833821711540222
101	0.62	4.604042572975159
102	1.0	5.490442433357239
103	0.72	3.318495309352875
104	0.82	4.721981825828553
105	0.9	4.608951687812805
106	0.74	4.107051179409027
107	0.86	3.180372669696808
108	0.6	5.101394290924072
109	0.92	5.088357772827148
110	0.8	5.365772452354431
111	0.86	2.0586591112613677
112	0.74	3.447172746658325
113	0.74	4.14287905216217
114	0.76	4.395506234169006
115	0.78	4.688435447216034
116	0.82	4.913744421005249
117	0.86	3.8133617663383483
118	0.78	4.420300092697143
119	0.62	4.9164835691452025
120	0.76	4.1149944305419925
121	0.86	4.709679942131043
122	0.84	4.461232085227966
123	0.78	5.462809700965881
124	0.5	4.43781928062439
125	0.76	4.116477608680725
126	0.62	3.774570708274841
127	0.86	3.423327877521515
128	0.8	4.029635264873504
129	0.98	3.8875964426994325
130	0.94	3.8008127427101135
131	0.86	4.520475933551788
132	0.92	3.4992769396305086
133	0.84	4.959121870994568
134	0.72	4.072116177082062
135	0.96	4.575990533828735
136	0.9	4.957001347541809
137	0.94	3.9257737159729005
138	0.96	4.677684931755066
139	0.96	3.8943259382247923
140	0.8	3.757092990875244
141	0.86	3.7103439807891845
142	0.88	3.720347168445587
143	0.86	3.3920531630516053
144	0.92	3.592290709018707
145	0.92	3.7736925983428957
146	0.9	3.6301454854011537
147	0.82	3.8263727688789366
148	0.94	3.5993363094329833
149	0.82	2.7894542932510378
150	0.76	3.8683693408966064
151	0.6	3.4616063404083253
152	0.68	3.2703021240234373
153	0.76	3.12492228269577
154	0.78	3.367218561172485
155	0.74	3.604960141181946
156	0.88	3.7282446146011354
157	0.88	3.854763607978821
158	0.6	3.6725091457366945
159	0.76	4.198786692619324
160	0.92	4.024921464920044
161	0.8	3.7605034255981447
162	0.78	3.7704049921035767
163	0.46	3.717203049659729
164	0.86	4.058909461498261
165	0.5	3.845024721622467
166	0.7	3.6392697620391847
167	0.3	3.656538586616516
168	0.62	4.0417366886138915
169	0.92	3.6425111436843873
170	0.58	3.966677312850952
171	0.76	3.5821647596359254
172	0.72	4.080863742828369
173	0.66	3.906983036994934
174	0.86	3.8541398191452028
175	0.64	4.121246795654297
176	0.76	3.831450481414795
177	0.82	4.012847175598145
178	0.92	3.862498004436493
179	0.62	4.231639852523804
180	0.62	3.6216908264160157
181	0.92	3.8900964498519897
182	0.82	4.045597505569458
183	0.76	3.774119472503662
184	0.64	3.9713998460769653
185	0.62	4.1613484430313115
186	0.64	3.7928683137893677
187	0.56	3.937401547431946
188	0.66	4.548143754005432
189	0.68	3.965975761413574
190	0.82	3.0586029148101805
191	0.8	4.24301016330719
192	0.78	4.108838882446289
193	0.54	4.109148569107056
194	0.8	3.5156094813346863
195	0.94	3.562861919403076
196	0.68	3.6064987325668336
197	0.72	4.216827578544617
198	0.8	4.259291667938232
199	0.74	3.8793498992919924
200	0.62	4.144981265068054
201	0.68	4.099604978561401
202	0.58	4.1054069566726685
203	0.9	3.3819276189804075
204	0.64	3.3622632312774656
205	0.8	3.9222281551361085
206	0.76	4.242309856414795
207	0.88	3.9364552736282348
208	0.8	3.45339364528656
209	0.82	4.006133980751038
210	0.84	4.398071579933166
211	0.64	3.782806534767151
212	0.74	3.802690501213074
213	0.76	4.113724884986877
214	0.82	4.111122045516968
215	0.84	3.8431859683990477
216	0.9	3.930302927494049
217	0.94	4.012316613197327
218	0.88	4.28148115158081
219	0.74	3.9237292528152468
220	0.7	3.8368781661987303
221	0.76	4.342495212554931
222	0.7	3.279547624588013
223	0.84	3.4827128434181214
224	0.7	3.6415218687057496
225	0.86	3.947215383052826
226	0.58	3.8864867591857912
227	0.74	3.8231034660339356
228	0.86	3.9437942123413086
229	0.86	3.397474889755249
230	0.64	3.6178280401229856
231	0.62	3.969068489074707
232	0.72	3.9750195503234864
233	0.76	4.063867988586426
234	0.86	3.9828120851516724
235	0.72	4.143510046005249
236	0.68	4.096961483955384
237	0.64	3.9251255702972414
238	0.52	3.7092697501182554
239	0.92	3.8351415252685546
240	0.26	4.217974724769593
241	0.72	3.6231612753868103
242	0.76	4.023962836265564
243	0.8	4.077454915046692
244	0.88	3.7262316608428954
245	0.82	3.338622033596039
246	0.58	3.807108607292175
247	0.9	3.695870156288147
248	0.54	3.521753821372986
249	0.7	3.8734235763549805
250	0.54	3.6779376459121704
251	0.9	3.848250916004181
252	0.82	3.5064552783966065
253	0.84	3.811691288948059
254	0.94	3.8167605924606325
255	0.94	4.096703577041626
256	0.78	3.7322612524032595
257	0.72	3.3467889070510863
258	0.98	3.048215880393982
259	0.94	3.5628328061103822
260	0.82	3.805817928314209
261	0.88	3.6559992837905884
262	0.88	3.6629902744293212
263	0.82	3.5231903743743898
264	0.78	4.215058622360229
265	0.48	3.278590166568756
266	0.5	3.4409255456924437
267	0.84	3.9714477133750914
268	0.92	3.6746372604370117
269	0.72	3.6719547080993653
270	0.86	3.5939660453796387
271	0.56	3.6682409620285035
272	0.62	3.7277758049964906
273	0.7	4.2178695154190065
274	0.88	4.578119053840637
275	1.0	4.7985770130157475
276	0.92	4.168001022338867
277	0.62	3.6579284954071043
278	0.68	4.6464780330657955
279	0.92	3.3897807478904722
280	0.7	3.840315275192261
281	0.62	3.62579877614975
282	0.18	4.01499484539032
283	0.84	2.9018598771095276
284	0.92	3.191578013896942
285	0.46	3.608958864212036
286	0.92	4.0984542322158815
287	0.7	3.6450645685195924
288	0.86	4.065770072937012
289	0.88	3.973363790512085
290	0.74	4.569966168403625
291	0.88	3.617211399078369
292	0.9	4.129328348636627
293	0.92	4.312299113273621
294	0.94	3.6823923778533936
295	0.88	4.050565605163574
296	0.9	2.8490182638168333
297	0.76	3.22482223033905
298	0.7	4.1031513285636905
299	0.74	3.7057330322265627
300	0.88	4.377826061248779
301	0.88	3.7330631852149962
302	0.72	3.7076012325286865
303	0.66	3.8900103616714476
304	0.62	3.5400940656661986
305	0.86	4.575436849594116
306	0.86	3.8247117829322814
307	0.8	3.1749868416786193
308	0.76	3.685002791881561
309	0.7	4.0904209470748905
310	0.68	3.318417181968689
311	0.62	3.6548329830169677
312	0.58	3.4782402086257935
313	0.7	3.565188932418823
314	0.74	3.6265425729751586
315	0.58	3.101168291568756
316	0.88	4.002066712379456
317	0.9	3.4741569471359255
318	0.76	3.006899313926697
319	0.7	3.3722528862953185
320	0.86	3.041095349788666
321	0.96	4.422034845352173
322	0.94	4.119121484756469
323	0.9	4.6991486072540285
324	0.92	3.661235251426697
325	0.94	4.03235969543457
326	0.9	3.3412216997146604
327	0.82	5.228338236808777
328	0.8	4.9767670059204105
329	0.7	4.5884929418563845
330	0.72	4.145090899467468
331	0.86	3.852593684196472
332	0.92	3.2174390006065368
333	0.98	3.3134889340400697
334	0.86	4.879604153633117
335	0.72	3.8981851959228515
336	0.9	4.846554937362671
337	0.76	4.452462139129639
338	0.72	3.573922197818756
339	0.96	4.346993794441223
340	0.96	4.66148238658905
341	0.52	4.418538761138916
342	0.88	4.4852590751647945
343	0.92	4.591372799873352
344	0.92	4.0190481448173525
345	0.54	4.471585602760315
346	0.88	4.507924928665161
347	0.88	4.242472877502442
348	0.58	4.3296065998077395
349	0.64	4.4589680433273315
350	0.88	4.358830924034119
351	0.96	4.003390417098999
352	0.8	4.5153221201896665
353	0.7	4.3264528751373295
354	0.9	4.426930794715881
355	0.82	3.8391681265830995
356	0.46	3.8392510652542113
357	0.76	4.31698781490326
358	0.44	2.931433742046356
359	0.78	3.673292441368103
360	0.72	3.50587336063385
361	0.88	4.1997373676300045
362	0.86	3.887644293308258
363	0.9	4.929871282577515
364	0.98	4.5353045082092285
365	0.86	3.970127534866333
366	0.76	3.6918849563598632
367	0.8	3.7936738872528077
368	0.7	3.6203547620773318
369	0.72	3.3416852521896363
370	0.82	4.139299244880676
371	0.6	3.6715373969078064
372	0.86	3.7213679790496825
373	0.72	3.568695814609528
374	0.6	3.02325453042984
375	0.82	3.820444440841675
376	1.0	4.55730788230896
377	0.72	3.646832365989685
378	0.74	4.298157286643982
379	0.82	4.419018254280091
380	0.6	4.17439133644104
381	0.4	3.9572468757629395
382	0.7	3.667252068519592
383	0.74	3.9150562024116518
384	0.88	4.538321118354798
385	0.7	3.7018865895271302
386	0.48	4.013235807418823
387	0.94	4.061037135124207
388	0.96	3.925118398666382
389	0.72	3.6766912484169008
390	0.62	4.6957102870941165
391	0.82	3.8661411809921264
392	0.96	4.133541955947876
393	0.78	4.782250456809997
394	0.72	3.738087115287781
395	0.68	3.8218243980407713
396	0.94	5.447340593338013
397	0.84	4.279898407459259
398	0.8	3.480326030254364
399	0.8	2.844797534942627
400	0.42	4.127494826316833
401	0.74	3.5358565855026245
402	0.44	3.649773187637329
403	0.76	2.9365246200561526
404	0.9	2.6928674936294557
405	0.7	2.3176578319072725
406	0.64	5.225941905975342
407	0.92	4.301013650894165
408	0.68	3.6080042266845704
409	0.62	3.156447310447693
410	0.86	5.168855619430542
411	0.6	4.412454974651337
412	0.48	3.692331385612488
413	0.58	3.8594041013717653
414	0.36	3.4737543797492982
415	0.38	4.406820397377015
416	0.78	3.021889750957489
417	0.88	3.250000014305115
418	0.52	3.0256592988967896
419	0.68	2.774059717655182
420	0.9	3.764809880256653
421	0.66	3.6365461206436156
422	0.54	3.1395874601602554
423	0.76	3.8684004402160643
424	0.56	4.0076805591583256
425	0.94	4.13449538230896
426	0.8	3.392317056655884
427	0.58	3.5126403069496153
428	0.7	4.739608635902405
429	0.74	3.8716940593719484
430	0.88	3.9573038959503175
431	0.7	3.339634473323822
432	0.84	3.180624200105667
433	0.62	3.882570142745972
434	0.52	3.6156457042694092
435	0.38	2.9300490057468416
436	0.62	4.103185205459595
437	0.68	2.7989759850502014
438	0.52	3.0832155084609987
439	0.8	4.181967477798462
440	0.72	3.9926446676254272
441	0.58	3.5935746097564696
442	0.66	3.5795639157295227
443	0.62	3.8500836873054505
444	0.78	4.816737055778503
445	0.52	3.9478671407699584
446	0.52	2.7412463998794556
447	0.58	3.564010262489319
448	0.88	4.250652129650116
449	0.76	4.430499022006988
450	0.86	3.4865991616249086
451	0.8	3.2798517417907713
452	0.66	3.997305541038513
453	0.64	4.034467041492462
454	0.56	4.62532365322113
455	0.62	4.407250061035156
456	0.68	3.8142733907699586
457	0.62	2.9757856559753417
458	0.9	4.7525000524520875
459	0.6	2.973013365268707
460	0.6	3.227298698425293
461	0.42	3.625302138328552
462	0.64	4.260780086517334
463	0.54	3.5402084684371946
464	0.48	3.4798572778701784
465	0.6	3.292425854206085
466	0.98	3.762512722015381
467	0.78	5.028516368865967
468	0.68	4.307918925285339
469	0.46	4.089469833374023
470	0.54	3.0340609097480775
471	0.84	4.074642052650452
472	0.9	4.234160542488098
473	0.6	2.2563137769699098
474	0.72	3.8712854743003846
475	0.88	3.239514923095703
476	0.98	5.260244317054749
477	0.64	3.705320463180542
478	0.44	3.2231732416152954
479	0.36	3.8157214665412904
480	0.72	3.4078539419174194
481	0.5	3.5943746256828306
482	0.26	3.12387953042984
483	0.76	3.9436041045188905
484	0.7	3.2132038998603822
485	0.42	3.208722138404846
486	0.76	3.7692294931411743
487	0.7	2.837007735967636
488	0.28	3.5683912587165834
489	0.58	4.788928952217102
490	0.68	4.07333904504776
491	0.88	4.283972773551941
492	0.64	3.694135444164276
493	0.32	2.8867586040496827
494	0.56	3.687772607803345
495	0.76	3.7518483090400694
496	0.84	3.8106046867370607
497	0.7	4.186855044364929
498	0.72	3.771350827217102
499	0.24	3.5295460176467897
500	0.92	4.397271203994751
501	0.3	3.613099491596222
502	0.54	3.535915195941925
503	0.54	2.9500247025489807
504	0.4	3.2101933264732363
505	0.64	3.2072791600227357
506	0.72	4.350964999198913
507	0.68	3.1211176681518555
508	0.66	3.3183800745010377
509	0.54	5.676738247871399
510	0.82	3.2065393567085265
511	0.76	3.4723740434646606
512	0.74	2.4062476205825805
513	0.54	3.7440816497802736
514	0.7	4.0094096875190735
515	0.62	3.6424453902244567
516	0.46	3.3797704076766966
517	0.7	3.4102331733703615
518	0.92	3.060172197818756
519	0.52	4.094727334976196
520	0.74	3.7289082765579225
521	0.7	3.7296149730682373
522	0.8	4.561153554916382
523	0.46	3.3680149793624876
524	0.52	4.000782041549683
525	0.76	3.546953949928284
526	0.62	3.5951378965377807
527	0.5	3.259470272064209
528	0.9	3.3619670844078064
529	0.62	3.4395950174331666
530	0.62	2.7355297315120697
531	0.52	3.62622846364975
532	0.76	3.749345889091492
533	0.88	5.423045296669006
534	0.48	3.349034585952759
535	0.94	4.084426054954529
536	0.5	3.8552455472946168
537	0.9	4.054317214488983
538	0.74	4.4635443067550655
539	0.5	3.839301233291626
540	0.84	3.2720981884002684
541	0.4	3.8456257605552673
542	0.48	3.082452175617218
543	0.58	3.5464763712882994
544	0.64	4.197151637077331
545	0.86	3.8440131068229677
546	0.68	4.046645388603211
547	0.88	4.410317268371582
548	0.9	2.954312016963959
549	0.52	3.2591246867179873
550	0.74	2.205472722053528
551	0.64	2.8745950269699097
552	0.84	3.811771411895752
553	0.76	2.641386339664459
554	0.92	3.307032835483551
555	0.78	4.528180012702942
556	0.48	3.6674135398864744
557	0.7	2.677325041294098
558	0.34	3.87152184009552
559	0.64	3.823414797782898
560	0.9	4.336575617790222
561	0.8	4.481297459602356
562	0.86	3.9102866196632386
563	0.8	2.9264341473579405
564	0.82	3.5356692624092103
565	1.0	4.093256978988648
566	0.72	4.270515370368957
567	0.42	3.6183382415771486
568	0.8	3.5474848699569703
569	0.9	3.8004627799987794
570	0.76	3.076243269443512
571	0.82	4.140194082260132
572	0.58	3.149308831691742
573	0.92	4.079367427825928
574	0.86	3.0680428671836855
575	0.76	4.252410268783569
576	0.96	4.300273017883301
577	0.84	3.179614179134369
578	0.76	3.5201395082473756
579	0.72	3.5181513094902037
580	0.76	5.14123245716095
581	0.74	4.023986752033234
582	0.62	5.519507699012756
583	0.86	3.956339671611786
584	0.44	3.7374457788467406
585	0.34	3.3185227966308593
586	0.74	3.8284554195404055
587	0.5	3.50073221206665
588	0.64	4.356825170516967
589	0.52	3.186407437324524
590	0.48	2.8243650448322297
591	0.78	3.5448951625823977
592	0.72	3.673392469882965
593	0.64	3.3384052181243895
594	0.92	4.379443588256836
595	0.72	3.9756588888168336
596	0.46	4.171362385749817
597	0.68	3.8333725261688234
598	0.62	3.155828673839569
599	0.62	4.995730209350586
600	0.24	3.300150276422501
601	0.64	4.085874543190003
602	0.66	3.7729201173782347
603	0.82	4.532517104148865
604	0.9	2.7662603497505187
605	0.72	2.80211856842041
606	0.78	2.701542565822601
607	0.94	2.9393929266929626
608	0.64	4.126060652732849
609	0.78	4.111567659378052
610	0.78	3.181924407482147
611	0.8	5.076376304626465
612	0.9	4.621786093711853
613	0.76	2.944643244743347
614	0.86	4.491127252578735
615	0.68	2.4892211523652077
616	0.68	3.939369037151337
617	0.78	2.9178985834121702
618	0.28	3.7364907550811766
619	0.58	3.171032769680023
620	0.22	2.9697309589385985
621	0.8	4.658168444633484
622	0.52	3.2389995431900025
623	0.22	3.1772795379161836
624	0.52	4.5785271692276
625	0.96	3.967773885726929
626	0.52	2.9413105964660646
627	0.74	3.615063796043396
628	0.88	3.334917895793915
629	0.74	3.005350365638733
630	0.8	3.6333239102363586
631	0.58	2.885058197975159
632	0.6	2.588728063106537
633	0.36	3.1495922136306764
634	0.74	4.4080600166320805
635	0.58	3.677864305973053
636	0.64	2.9946635866165163
637	0.74	3.965588743686676
638	0.28	3.5816601657867433
639	0.4	3.5969798254966734
640	0.94	5.131804866790771
641	0.74	2.8463349080085756
642	0.82	4.366333286762238
643	0.52	4.252545034885406
644	0.62	2.6273680758476257
645	1.0	5.32637631893158
646	0.82	5.103097949028015
647	0.62	3.3384928774833678
648	0.5	3.0102897906303405
649	0.8	3.8680863332748414
650	0.42	2.993261284828186
651	0.54	3.1281895661354064
652	0.64	3.806324129104614
653	0.6	3.7705675840377806
654	0.8	3.8330584239959715
655	0.52	3.7026506900787353
656	0.5	3.9304396748542785
657	0.34	3.1703487753868105
658	0.68	4.449470272064209
659	0.84	3.0106321692466738
660	0.48	3.9775637769699097
661	0.96	4.7824294090271
662	0.58	2.5069140553474427
663	0.5	4.248824548721314
664	0.36	3.4051781606674196
665	0.56	4.89444037437439
666	0.72	2.9321763491630555
667	0.52	2.966200981140137
668	0.84	3.2773325634002686
669	0.92	2.8958063554763793
670	0.76	4.319298491477967
671	0.74	4.65435706615448
672	0.88	3.9931576919555662
673	0.34	2.8921460366249083
674	0.76	3.680494639873505
675	0.4	3.8068458700180052
676	0.54	3.8628619289398194
677	0.58	3.60180366396904
678	0.56	3.406965870857239
679	0.84	3.255833852291107
680	0.8	2.370104039311409
681	0.3	3.245148313045502
682	0.7	3.1595184874534605
683	0.56	3.0168726086616515
684	0.82	3.4991202640533445
685	0.96	3.393055248260498
686	0.5	3.7353156852722167
687	0.84	4.532360143661499
688	0.9	3.205665647983551
689	0.24	3.97115469455719
690	0.82	4.535245175361633
691	0.54	3.2370073652267455
692	0.46	4.122620778083801
693	0.7	4.151638612747193
694	0.9	4.51521568775177
695	0.6	3.3465764236450197
696	0.58	3.3388045907020567
697	0.6	3.9582537603378296
698	0.62	4.264618940353394
699	0.78	3.5294587087631224
700	0.7	2.5802766370773313
701	0.94	2.663718521595001
702	0.72	3.2643490982055665
703	0.7	4.870328459739685
704	0.78	3.7059566450119017
705	0.62	3.717402341365814
706	0.6	4.254290080070495
707	0.74	3.59811026096344
708	0.52	3.2398955750465395
709	0.76	3.919799473285675
710	0.46	3.153835713863373
711	0.58	2.526053903102875
712	0.58	3.1217569875717164
713	0.92	2.3604161167144775
714	0.74	3.180432870388031
715	0.8	3.7508219337463378
716	0.8	4.281737887859345
717	0.66	4.30361168384552
718	0.4	3.481740674972534
719	0.9	3.144229917526245
720	0.72	3.289886386394501
721	0.76	4.66600527048111
722	0.84	3.6063998794555663
723	0.84	4.2506405639648435
724	0.86	3.86530011177063
725	0.46	3.3514636540412903
726	0.88	3.0888420867919923
727	0.86	3.6335180163383485
728	0.46	4.118540716171265
729	0.5	3.5966122937202454
730	0.74	4.870917191505432
731	0.46	3.5967327117919923
732	0.84	2.9381712460517884
733	0.42	3.2795886516571047
734	0.74	4.056315717697143
735	0.7	4.2386395907402035
736	0.8	3.197782590389252
737	0.62	4.410705128908157
738	0.76	5.373803815841675
739	0.9	3.7096951007843018
740	0.32	3.6806226229667662
741	0.68	5.647141251564026
742	0.48	2.6525031971931456
743	0.66	3.684862470626831
744	0.36	3.188133375644684
745	0.64	2.5114062595367432
746	0.86	3.691630656719208
747	0.62	3.365349168777466
748	0.5	3.609220345020294
749	0.74	3.0541956305503843
750	0.64	3.486572880744934
751	0.6	3.8249473762512207
752	0.74	3.656812047958374
753	0.62	3.632833669185638
754	0.6	3.738191156387329
755	0.92	3.48005419254303
756	0.72	3.916934380531311
757	0.74	3.6314895820617674
758	0.62	4.078068809509277
759	0.74	3.2948796272277834
760	0.72	3.489354684352875
761	0.68	3.3410355401039125
762	0.46	4.284470634460449
763	0.8	3.0552921962738036
764	0.42	3.913231394290924
765	0.64	4.006309380531311
766	0.88	4.490430054664611
767	0.54	3.472994239330292
768	0.84	4.408933367729187
769	0.68	3.0755062174797057
770	0.8	3.9634538316726684
771	0.86	2.438411600589752
772	0.56	3.577055552005768
773	0.58	2.5932326245307924
774	0.68	3.6509127759933473
775	0.68	4.372628335952759
776	0.62	3.7767112255096436
777	0.7	3.1342980742454527
778	0.62	3.4734884881973267
779	0.9	4.2391844701766965
780	0.84	3.05728276014328
781	0.9	4.426999723911285
782	0.14	3.278912215232849
783	0.9	2.7190373706817628
784	0.36	3.2301714062690734
785	0.74	3.1937878704071045
786	0.64	3.6098895859718323
787	0.54	4.090794818401337
788	0.72	4.822399501800537
789	0.78	3.2944499158859255
790	0.56	4.495457162857056
791	0.74	4.633460657596588
792	0.54	3.9177551436424256
793	0.62	3.5140688848495483
794	0.66	3.2698485350608824
795	0.74	3.7060630917549133
796	0.64	3.4175215363502502
797	0.66	3.591957106590271
798	0.72	3.3339197921752928
799	0.4	3.174489800930023
800	0.94	5.376757497787476
801	0.84	3.807712047100067
802	0.92	3.7035686135292054
803	0.86	3.7219818329811094
804	0.56	2.919148609638214
805	0.88	3.285156669616699
806	0.6	3.891744270324707
807	0.74	3.7500183320045473
808	0.6	4.187964749336243
809	0.36	3.492518332004547
810	0.44	3.411691632270813
811	0.5	3.4456485056877137
812	0.88	3.202841188907623
813	0.24	3.2536104780435564
814	0.88	3.6748055052757262
815	0.66	4.136062290668487
816	0.9	3.341312575340271
817	0.68	4.110458359718323
818	0.2	2.6861316084861757
819	0.7	3.864957718849182
820	0.94	4.071668920516967
821	0.86	3.8881636905670165
822	0.84	4.391087775230408
823	0.62	3.2015126657485964
824	0.5	4.881773777008057
825	0.76	5.028235759735107
826	0.5	3.511832356452942
827	0.54	3.3960279607772828
828	0.66	3.793723695278168
829	0.84	4.206578822135925
830	0.6	4.618312740325928
831	0.86	2.8070547676086424
832	0.86	3.860380644798279
833	0.68	3.5474621415138246
834	0.5	3.1824848794937135
835	0.58	4.203447432518005
836	0.22	3.451091777086258
837	0.2	3.682204248905182
838	0.38	3.7935822057724
839	0.56	4.122736718654632
840	0.74	3.229268991947174
841	0.3	3.2460144639015196
842	0.66	3.9991741085052492
843	0.68	4.361803622245788
844	0.58	2.7352698373794557
845	0.52	2.9362364423274996
846	0.62	3.020914390087128
847	0.78	3.831265535354614
848	0.28	3.273063635826111
849	0.72	3.079724988937378
850	0.84	3.934630856513977
851	0.58	3.23738121509552
852	0.72	3.353863210678101
853	0.86	4.3720591306686405
854	0.8	3.5277790236473083
855	0.62	3.3333155262470244
856	0.62	4.1503408336639405
857	0.66	4.766499524116516
858	0.7	4.676002445220948
859	0.58	2.854985649585724
860	0.44	4.388016963005066
861	0.58	3.156793296933174
862	0.8	3.545100862979889
863	0.86	4.630056202411652
864	0.62	3.9567406702041628
865	0.62	5.098313541412353
866	0.82	4.8618008518219
867	0.76	3.6355146050453184
868	0.5	4.210346789360046
869	0.52	3.4918459177017214
870	0.7	4.412590074539184
871	0.76	3.0003029012680056
872	0.56	3.4899844241142275
873	0.9	4.085194892883301
874	0.94	4.206249227523804
875	0.66	3.9316792726516723
876	0.46	2.9487886142730715
877	0.76	4.104649634361267
878	0.8	3.986177067756653
879	0.52	4.253032128810883
880	0.84	4.351759767532348
881	0.78	2.8190162801742553
882	0.72	3.3961682963371276
883	0.44	3.5613588190078733
884	0.76	3.8913018178939818
885	0.12	4.0787145090103145
886	0.9	4.751785316467285
887	0.56	4.882180333137512
888	0.78	4.133685028553009
889	0.6	3.9090680980682375
890	0.94	3.8604516267776487
891	0.76	3.751546947956085
892	0.62	3.525035870075226
893	0.38	3.7611503553390504
894	0.66	3.0720842695236206
895	0.76	2.521903296709061
896	0.76	2.238131387233734
897	0.7	2.9643570804595947
898	0.5	3.8027897763252256
899	0.22	3.189726161956787
900	0.94	3.1771619725227356
901	0.62	3.003931381702423
902	0.68	2.6726909399032595
903	0.84	2.927915344238281
904	0.64	4.417027249336242
905	0.56	3.467846763134003
906	0.28	3.028477740287781
907	0.38	3.933671524524689
908	0.42	2.8617896914482115
909	0.48	4.0696970963478085
910	0.58	3.5653101420402527
911	0.46	4.566837501525879
912	0.7	4.738804602622986
913	0.84	3.3950693798065186
914	0.76	3.386906108856201
915	0.92	4.0900235056877134
916	0.98	3.8181911695003508
917	0.64	5.825876522064209
918	0.84	3.853645992279053
919	0.76	3.9845826601982117
920	0.78	3.410850592851639
921	0.54	4.4540401721000675
922	0.82	3.8099935984611513
923	0.44	4.104283719062805
924	0.72	4.22767776966095
925	0.64	3.0855719661712646
926	0.92	4.30041018486023
927	0.9	3.6053108882904055
928	0.52	3.7182158923149107
929	0.6	3.5694491505622863
930	0.66	4.312649478912354
931	0.56	4.323216691017151
932	0.72	4.295148265361786
933	0.86	4.0099453830719
934	0.76	4.070590715408326
935	0.64	3.4974968242645263
936	0.86	4.634982802867889
937	0.88	4.483428347110748
938	0.86	4.0892865228652955
939	0.78	4.516132416725159
940	0.86	3.4344009065628054
941	0.78	4.010205655097962
942	0.68	3.5894610929489135
943	0.64	4.233348186016083
944	0.84	4.7592295026779174
945	0.82	3.6960168361663817
946	0.88	4.897296333312989
947	0.38	4.913068797588348
948	0.84	2.8295168685913086
949	0.68	4.598052079677582
950	0.74	3.520518567562103
951	0.84	3.5848306107521055
952	0.76	3.7632955646514894
953	0.92	4.667276811599732
954	0.88	3.7930863213539125
955	0.94	5.187138457298278
956	0.86	3.4134757494926453
957	0.88	4.291827917098999
958	0.76	4.135044658184052
959	0.82	4.092427482604981
960	0.5	4.015607829093933
961	0.34	3.7155596160888673
962	0.6	4.5831811809539795
963	0.72	5.131674494743347
964	0.64	3.8854364728927613
965	0.86	3.8245403957366944
966	0.68	3.02051296710968
967	0.58	3.10742148399353
968	0.5	3.227063150405884
969	0.42	3.3924003314971922
970	0.42	3.7128400230407714
971	0.72	3.821144759654999
972	0.64	4.100408134460449
973	0.7	5.107802882194519
974	0.94	2.752020101547241
975	0.44	3.7557266330718995
976	0.48	3.3151124215126035
977	0.6	2.8980951046943666
978	0.34	3.4431771779060365
979	0.8	4.562806510925293
980	0.82	2.8331759870052338
981	0.82	4.048150119781494
982	0.74	4.124789147377014
983	0.84	3.4807477712631227
984	0.98	4.674551968574524
985	0.96	3.9226590371131898
986	1.0	4.080412569046021
987	0.46	4.711822757720947
988	0.96	4.2881600952148435
989	0.96	3.827922134399414
990	0.92	4.3678503561019895
991	0.96	4.766202588081359
992	0.86	5.569591426849366
993	0.96	4.783735680580139
994	0.84	4.553501698970795
995	1.0	4.687583699226379
996	0.82	4.820307350158691
997	0.68	4.302325034141541
998	0.46	4.14211975812912
999	0.32	2.9787898874282837
