0	0.9	2.16572625041008	
1	0.84	1.420811152458191	
2	0.68	1.2153268480300903	
3	0.78	1.0460419273376464	
4	0.8	0.9845085334777832	
5	0.86	1.5541733121871948	
6	0.4	1.5703164875507354	
7	0.7	2.036037540435791	
8	0.86	2.2737352561950686	
9	0.98	1.8220204746723174	
10	0.86	1.7775534081459046	
11	0.86	1.501010047197342	
12	0.86	1.5532999813556672	
13	0.9	1.5378683018684387	
14	0.9	1.7121659743785858	
15	0.9	1.9480755996704102	
16	0.74	1.653463408946991	
17	0.86	1.666740654706955	
18	0.8	2.07149554669857	
19	0.9	1.4590545320510864	
20	0.82	1.7630660104751588	
21	0.84	1.4333358585834504	
22	0.8	1.4121468460559845	
23	0.82	1.7030931055545806	
24	0.94	2.017145230770111	
25	0.88	2.5373190236091614	
26	0.78	1.815232388973236	
27	0.7	1.9820663356781005	
28	0.84	2.099557948112488	
29	0.88	1.4247177851200103	
30	0.64	2.1594985723495483	
31	0.66	1.6352112662792206	
32	0.48	1.810976558327675	
33	0.68	1.76783961892128	
34	0.58	1.815549293756485	
35	0.56	1.9272656285762786	
36	0.54	2.103500094413757	
37	0.64	2.2842036151885985	
38	0.74	1.7073023068904876	
39	0.78	2.2479033994674684	
40	0.52	1.5652036941051484	
41	0.9	2.3961826252937315	
42	0.72	1.990514975786209	
43	0.84	2.166126832962036	
44	0.56	2.148366142511368	
45	0.72	2.239724586009979	
46	0.32	1.8261260533332824	
47	0.76	1.9600326895713807	
48	0.86	2.1549342179298403	
49	0.68	2.064997999668121	
50	0.66	1.9820571720600129	
51	0.84	1.8924776804447174	
52	0.76	2.0879918825626373	
53	0.72	1.6948517280817033	
54	0.58	2.199761233329773	
55	0.3	1.781914074420929	
56	0.76	2.1274577450752257	
57	0.78	2.4875003910064697	
58	0.58	2.0126494765281677	
59	0.66	1.4622596377134323	
60	0.3	2.063974404335022	
61	0.64	2.0749019610881807	
62	0.48	2.123698171377182	
63	0.86	1.8503312265872955	
64	0.66	1.6283203089237213	
65	0.64	2.010583952665329	
66	0.5	2.0884933173656464	
67	0.54	2.357179923057556	
68	0.3	2.0616465973854066	
69	0.96	1.8164349579811097	
70	0.74	1.5934426915645599	
71	0.84	1.7264377284049988	
72	0.88	1.561692842245102	
73	0.74	1.5297867631912232	
74	0.18	1.5138707661628723	
75	0.78	1.4649609315395355	
76	0.78	2.0679340612888337	
77	0.42	1.8772919416427611	
78	0.74	1.5078838312625884	
79	0.58	1.9432262301445007	
80	0.92	1.7085208070278168	
81	0.78	1.9312364554405212	
82	0.82	2.2382812523841857	
83	0.92	1.9252730405330658	
84	0.9	2.556475225687027	
85	0.82	2.011399872303009	
86	0.8	2.0850127720832825	
87	0.96	1.4793311405181884	
88	0.86	1.9765314030647279	
89	0.8	1.6418849635124206	
90	0.96	2.0316900563240052	
91	0.88	2.1092578101158144	
92	0.94	1.3384016227722169	
93	0.82	1.8495663475990296	
94	0.86	1.2234020304679871	
95	0.92	1.477135684490204	
96	0.84	1.857051159143448	
97	0.76	1.8213384711742402	
98	0.9	1.690274223089218	
99	0.62	1.8497389179468156	
100	0.98	1.7524824500083924	
101	0.68	2.114841763973236	
102	0.96	2.6582796788215637	
103	0.7	1.4155731678009034	
104	0.66	2.159871244430542	
105	0.86	2.1515230321884156	
106	0.72	1.8398130571842193	
107	0.84	1.3089233916997909	
108	0.58	2.352366466522217	
109	0.84	2.215136699676514	
110	0.9	2.499141433238983	
111	0.88	0.8784733766317367	
112	0.7	1.5801080226898194	
113	0.74	1.9148740482330322	
114	0.66	2.0495165050029756	
115	0.72	2.119058896303177	
116	0.8	2.325386259555817	
117	0.82	1.7636746633052827	
118	0.72	2.0904404497146607	
119	0.62	2.3332561445236206	
120	0.72	1.9424613451957702	
121	0.8	2.1916593742370605	
122	0.86	2.1249430084228518	
123	0.72	2.4625450205802917	
124	0.36	2.0512208938598633	
125	0.68	1.8510638272762299	
126	0.68	1.7151961135864258	
127	0.78	1.5678308326005936	
128	0.84	1.8562890738248825	
129	0.98	1.813086323738098	
130	0.9	1.7430612242221832	
131	0.86	2.1327837896347046	
132	0.9	1.5858203172683716	
133	0.86	2.398421950340271	
134	0.58	1.8669997727870942	
135	0.96	2.190603082180023	
136	0.9	2.3608175325393677	
137	0.88	1.7748573267459868	
138	0.92	2.1432920336723327	
139	0.96	1.8082545328140258	
140	0.78	1.7289126133918762	
141	0.88	1.6803926265239715	
142	0.86	1.7159773540496825	
143	0.86	1.5607194662094117	
144	0.92	1.6698290061950685	
145	0.88	1.7183350539207458	
146	0.86	1.6471775317192077	
147	0.86	1.7494232285022735	
148	0.94	1.5832617175579071	
149	0.9	1.1196536231040954	
150	0.72	1.7443124341964722	
151	0.6	1.5709406924247742	
152	0.8	1.496941169500351	
153	0.78	1.3792327094078063	
154	0.76	1.5075055694580077	
155	0.7	1.604868848323822	
156	0.9	1.6871444511413574	
157	0.92	1.7445519721508027	
158	0.66	1.706592001914978	
159	0.66	1.9216378045082092	
160	0.94	1.8736216700077057	
161	0.78	1.6914755892753601	
162	0.62	1.694641661643982	
163	0.5	1.699887191057205	
164	0.74	1.8719407713413239	
165	0.64	1.763287628889084	
166	0.78	1.676898113489151	
167	0.46	1.705202476978302	
168	0.76	1.8264054477214813	
169	0.92	1.6901953196525574	
170	0.54	1.835108416080475	
171	0.74	1.6266019690036773	
172	0.7	1.8675737404823303	
173	0.68	1.785691968202591	
174	0.86	1.72806880235672	
175	0.66	1.8723190307617188	
176	0.8	1.7785383343696595	
177	0.84	1.8551243734359741	
178	0.86	1.7443510854244233	
179	0.68	1.9456525015830994	
180	0.58	1.6414146161079406	
181	0.88	1.751540561914444	
182	0.72	1.8126869368553162	
183	0.76	1.776536580324173	
184	0.62	1.8038392734527589	
185	0.6	1.8722389125823975	
186	0.68	1.7188715720176697	
187	0.52	1.8039086365699768	
188	0.7	2.004198842048645	
189	0.66	1.7750729608535767	
190	0.86	1.3848588860034943	
191	0.78	1.8986044991016389	
192	0.68	1.8536822414398193	
193	0.5	1.8741310620307923	
194	0.84	1.628302779197693	
195	0.84	1.6322018468379975	
196	0.52	1.688419189453125	
197	0.68	1.9520161104202272	
198	0.9	1.9608908486366272	
199	0.74	1.7661124801635741	
200	0.68	1.8831114482879638	
201	0.54	1.8668084239959717	
202	0.64	1.8683860754966737	
203	0.9	1.5007262313365937	
204	0.52	1.4943897533416748	
205	0.74	1.7836344027519226	
206	0.76	1.9079356741905213	
207	0.88	1.7976570439338684	
208	0.88	1.5272468912601471	
209	0.72	1.7938054025173187	
210	0.82	2.022084667682648	
211	0.58	1.7136108708381652	
212	0.78	1.7565481531620026	
213	0.72	1.8453479719161987	
214	0.78	1.8423505091667176	
215	0.86	1.7215545296669006	
216	0.9	1.8281536936759948	
217	0.88	1.835458788871765	
218	0.88	1.9576087975502015	
219	0.7	1.7811415719985961	
220	0.72	1.767739565372467	
221	0.78	1.9776801586151123	
222	0.7	1.4607860243320465	
223	0.8	1.579278939962387	
224	0.66	1.648819342851639	
225	0.86	1.8188117945194244	
226	0.52	1.7831835961341858	
227	0.72	1.7812499952316285	
228	0.88	1.8066095411777496	
229	0.86	1.559734126329422	
230	0.48	1.6232214570045471	
231	0.7	1.8004623746871948	
232	0.74	1.8328595268726349	
233	0.72	1.8698991656303405	
234	0.82	1.8164516830444335	
235	0.7	1.886236045360565	
236	0.64	1.8836268424987792	
237	0.62	1.7877048707008363	
238	0.42	1.689948979616165	
239	0.82	1.7425510251522065	
240	0.28	1.9158968460559844	
241	0.7	1.763226239681244	
242	0.7	1.8371572017669677	
243	0.84	1.8622923374176026	
244	0.9	1.703495693206787	
245	0.8	1.5037854731082916	
246	0.64	1.7539401388168334	
247	0.84	1.6741832756996156	
248	0.58	1.5853535556793212	
249	0.62	1.7242311072349548	
250	0.6	1.6444148683547974	
251	0.92	1.8157449781894683	
252	0.88	1.6292414736747742	
253	0.78	1.7449732947349548	
254	0.86	1.728685438632965	
255	0.94	1.8942091822624207	
256	0.74	1.6897596287727357	
257	0.64	1.4722592532634735	
258	0.9	1.3262248861789703	
259	0.9	1.5550653672218322	
260	0.82	1.7198337733745575	
261	0.84	1.6334590196609498	
262	0.88	1.6497301483154296	
263	0.64	1.5819579124450684	
264	0.78	1.949347505569458	
265	0.52	1.4601335430145264	
266	0.52	1.518392059803009	
267	0.74	1.792482877969742	
268	0.88	1.655620617866516	
269	0.64	1.7432625198364258	
270	0.88	1.6145376241207123	
271	0.52	1.7767837250232696	
272	0.6	1.809448344707489	
273	0.72	1.9086172592639923	
274	0.9	2.091379542350769	
275	0.96	2.238657946586609	
276	0.9	1.9885578811168672	
277	0.62	1.7469547152519227	
278	0.68	2.186641826629639	
279	0.9	1.4944870162010193	
280	0.66	1.854026633501053	
281	0.64	1.7029834985733032	
282	0.1	1.8889457058906556	
283	0.84	1.2614329648017883	
284	0.94	1.4371990633010865	
285	0.48	1.5986738657951356	
286	0.88	1.8398967790603638	
287	0.66	1.774808678627014	
288	0.84	2.0689393377304075	
289	0.84	1.9250809121131898	
290	0.72	2.3268542981147764	
291	0.88	1.7479735398292542	
292	0.9	2.1063241481781008	
293	0.9	2.14095942735672	
294	0.96	1.7815302419662475	
295	0.74	1.9012296879291535	
296	0.82	1.3076905465126039	
297	0.74	1.5207278394699097	
298	0.64	1.941788901090622	
299	0.76	1.7327861893177032	
300	0.9	2.0665042924880983	
301	0.84	1.744315596818924	
302	0.76	1.7473831939697266	
303	0.62	1.7966382360458375	
304	0.56	1.6044579064846038	
305	0.76	2.127945637702942	
306	0.78	1.7765198540687561	
307	0.76	1.4253722965717315	
308	0.72	1.7283709347248077	
309	0.64	1.9483330583572387	
310	0.68	1.5646006155014038	
311	0.58	1.6738085758686065	
312	0.56	1.6074808645248413	
313	0.48	1.670434865951538	
314	0.66	1.5916063445806503	
315	0.6	1.430363107919693	
316	0.9	1.8731142425537108	
317	0.88	1.570242338180542	
318	0.78	1.3485853850841523	
319	0.66	1.5607079017162322	
320	0.92	1.389617350101471	
321	0.92	2.1051028537750245	
322	0.92	1.9655827462673188	
323	0.9	2.34528737783432	
324	0.9	1.7390688693523406	
325	0.92	1.8780412817001342	
326	0.9	1.5762424159049988	
327	0.84	2.3577383518218995	
328	0.76	2.318507239818573	
329	0.6	2.114193227291107	
330	0.68	1.990740988254547	
331	0.88	1.8492797386646271	
332	0.92	1.4208330595493317	
333	0.96	1.484580271244049	
334	0.82	2.297838423252106	
335	0.8	1.8738775503635408	
336	0.88	2.2550586009025575	
337	0.78	2.0309350943565367	
338	0.66	1.5812396442890166	
339	0.94	2.0509594106674194	
340	0.94	2.306339693069458	
341	0.54	2.0269041013717652	
342	0.76	2.0593323588371275	
343	0.9	2.07818838596344	
344	0.84	1.788549108505249	
345	0.5	2.0623999762535097	
346	0.78	2.0273907935619353	
347	0.86	1.8996787309646606	
348	0.34	1.9980695867538452	
349	0.86	2.0617813324928282	
350	0.88	2.011512268781662	
351	0.96	1.7788476586341857	
352	0.82	2.117951216697693	
353	0.64	1.9535885643959046	
354	0.92	2.0233673524856566	
355	0.78	1.7398931539058686	
356	0.44	1.8634689939022064	
357	0.82	1.9801470851898193	
358	0.36	1.408368147611618	
359	0.68	1.6911778461933136	
360	0.74	1.6837045645713806	
361	0.84	1.9448816251754761	
362	0.88	1.9069941747188568	
363	0.86	2.312125310897827	
364	0.98	2.135507405996323	
365	0.84	1.900410568714142	
366	0.62	1.7294487416744233	
367	0.78	1.7794196367263795	
368	0.76	1.7422074365615845	
369	0.7	1.5839329612255098	
370	0.84	1.896829171180725	
371	0.62	1.7413580155372619	
372	0.86	1.7242833292484283	
373	0.64	1.6676207733154298	
374	0.54	1.4582003247737885	
375	0.8	1.866478797197342	
376	1.0	2.1764712071418764	
377	0.66	1.722870695590973	
378	0.68	2.0290210497379304	
379	0.78	2.155255124568939	
380	0.6	1.9480122029781342	
381	0.34	1.9335495054721832	
382	0.7	1.7396488332748412	
383	0.72	1.903456243276596	
384	0.9	2.174510898590088	
385	0.66	1.7835690367221833	
386	0.32	1.860885682106018	
387	0.94	1.9129687309265138	
388	0.9	1.7762555909156799	
389	0.78	1.7316115272045136	
390	0.58	2.0883394503593444	
391	0.74	1.7539150178432465	
392	0.98	1.9011435651779174	
393	0.58	2.207699712514877	
394	0.7	1.6709893131256104	
395	0.66	1.6863628125190735	
396	0.94	2.5554332661628725	
397	0.76	1.919133846759796	
398	0.74	1.6781688523292542	
399	0.86	1.3647779786586762	
400	0.68	1.9702335834503173	
401	0.74	1.7415860211849212	
402	0.4	1.686461261510849	
403	0.72	1.28952885389328	
404	0.88	1.1987101352214813	
405	0.68	0.9902806058526039	
406	0.66	2.4295113348960875	
407	0.92	2.047773838043213	
408	0.66	1.7476171946525574	
409	0.64	1.5288631987571717	
410	0.88	2.430571196079254	
411	0.56	2.025498663187027	
412	0.4	1.6700478279590607	
413	0.64	1.8457162773609161	
414	0.28	1.6005213570594787	
415	0.32	2.096709177494049	
416	0.7	1.4525633776187896	
417	0.88	1.4554364633560182	
418	0.54	1.3332322150468827	
419	0.56	1.2364580643177032	
420	0.84	1.7723760223388672	
421	0.58	1.7422771811485291	
422	0.6	1.508218276500702	
423	0.82	1.8239126110076904	
424	0.4	1.9067426669597625	
425	0.92	1.8998313713073731	
426	0.82	1.6257342219352722	
427	0.6	1.6682999897003175	
428	0.58	2.2346117949485778	
429	0.7	1.7948038721084594	
430	0.8	1.8605173826217651	
431	0.68	1.5059901118278503	
432	0.84	1.5286172503232955	
433	0.52	1.7911579287052155	
434	0.44	1.5744790291786195	
435	0.38	1.2852869910001754	
436	0.6	1.9179057741165162	
437	0.7	1.2182182812690734	
438	0.58	1.4066003692150115	
439	0.82	1.986232466697693	
440	0.68	1.9152917766571045	
441	0.6	1.6362986278533935	
442	0.68	1.6517315137386321	
443	0.5	1.7708219075202942	
444	0.8	2.315853404998779	
445	0.44	1.8347425162792206	
446	0.58	1.2809837472438812	
447	0.56	1.6715632915496825	
448	0.74	2.0175828981399535	
449	0.8	2.0166453850269317	
450	0.8	1.637429051399231	
451	0.82	1.578122615814209	
452	0.58	1.837648675441742	
453	0.62	1.9476749777793885	
454	0.42	2.2300270891189573	
455	0.56	2.0587476253509522	
456	0.74	1.825139924287796	
457	0.52	1.3754045724868775	
458	0.88	2.227761085033417	
459	0.62	1.3934574270248412	
460	0.44	1.4116597491502763	
461	0.42	1.6761877977848052	
462	0.62	1.9757306373119354	
463	0.62	1.6316733014583589	
464	0.42	1.6219467520713806	
465	0.68	1.5728009498119355	
466	0.98	1.7627833938598634	
467	0.76	2.395636172294617	
468	0.68	2.0380815625190736	
469	0.52	1.8939165997505187	
470	0.56	1.359530058503151	
471	0.74	1.897167568206787	
472	0.92	2.0154567885398866	
473	0.6	1.0522213792800903	
474	0.58	1.7706269991397858	
475	0.88	1.5308051741123199	
476	0.98	2.503354961872101	
477	0.62	1.8149202847480774	
478	0.36	1.40091357588768	
479	0.36	1.8219618916511535	
480	0.64	1.5447321325540542	
481	0.52	1.6835116362571716	
482	0.32	1.5085044729709625	
483	0.72	1.8267187595367431	
484	0.66	1.463917406797409	
485	0.28	1.4425581836700438	
486	0.8	1.7590361845493316	
487	0.62	1.4206481194496154	
488	0.28	1.6460606837272644	
489	0.48	2.2789564895629884	
490	0.66	2.0477491307258604	
491	0.86	2.0792052090168	
492	0.54	1.6515345871448517	
493	0.36	1.2871886920928954	
494	0.5	1.6924716937541961	
495	0.72	1.734395730495453	
496	0.82	1.7526677930355072	
497	0.5	1.951381939649582	
498	0.68	1.7461057162284852	
499	0.28	1.6317932844161986	
500	0.78	1.979563934803009	
501	0.26	1.660965005159378	
502	0.48	1.6637248849868775	
503	0.64	1.4009231424331665	
504	0.36	1.4792538338899612	
505	0.58	1.475852997303009	
506	0.68	2.087592067718506	
507	0.68	1.4996982574462892	
508	0.46	1.5226494657993317	
509	0.56	2.7171986413002016	
510	0.84	1.4779424357414246	
511	0.68	1.6782780802249908	
512	0.8	1.1742450523376464	
513	0.44	1.7965820288658143	
514	0.68	1.8602658641338348	
515	0.52	1.6890553283691405	
516	0.42	1.5334088027477264	
517	0.72	1.583197944164276	
518	0.92	1.5062770926952362	
519	0.6	1.900959827899933	
520	0.68	1.7030978882312775	
521	0.64	1.6780448877811431	
522	0.8	2.140863764286041	
523	0.36	1.567631149291992	
524	0.54	1.814469861984253	
525	0.68	1.5750701653957366	
526	0.56	1.6649186849594115	
527	0.44	1.5451128125190734	
528	0.88	1.5455628275871276	
529	0.6	1.5556999349594116	
530	0.56	1.248345422744751	
531	0.48	1.708879144191742	
532	0.72	1.7304344832897187	
533	0.86	2.5546237230300903	
534	0.42	1.598537940979004	
535	0.92	2.0075446438789366	
536	0.46	1.7963221633434296	
537	0.9	1.8900565934181213	
538	0.66	2.0848632764816286	
539	0.44	1.6604284918308259	
540	0.9	1.510286989212036	
541	0.42	1.8258693313598633	
542	0.34	1.4267582082748413	
543	0.46	1.6527794122695922	
544	0.64	1.9374226868152618	
545	0.86	1.863188374042511	
546	0.68	1.895940294265747	
547	0.9	2.0660152363777162	
548	0.9	1.4548864090442657	
549	0.5	1.4538508534431458	
550	0.74	1.1209434747695923	
551	0.74	1.3462057518959045	
552	0.78	1.7621029829978943	
553	0.78	1.1502746254205705	
554	0.92	1.473856428861618	
555	0.76	2.130290985107422	
556	0.52	1.7413317060470581	
557	0.66	1.2036954033374787	
558	0.32	1.8179480254650116	
559	0.62	1.7681449353694916	
560	0.84	2.068733661174774	
561	0.76	2.1138807201385497	
562	0.82	1.776910079717636	
563	0.72	1.3290369975566865	
564	0.86	1.687636330127716	
565	0.98	1.8476690125465394	
566	0.72	2.050218417644501	
567	0.4	1.6531445324420928	
568	0.72	1.6655006539821624	
569	0.84	1.75300461769104	
570	0.72	1.4625482261180878	
571	0.7	1.9352136206626893	
572	0.62	1.4478894233703614	
573	0.84	1.8798887968063354	
574	0.86	1.3706931567192078	
575	0.74	1.9894937694072723	
576	0.94	2.0336925888061526	
577	0.82	1.5221340894699096	
578	0.68	1.640267453789711	
579	0.66	1.6434968876838685	
580	0.78	2.4118463134765626	
581	0.72	1.9773270165920258	
582	0.66	2.655822687149048	
583	0.86	1.8227618741989136	
584	0.5	1.7010865747928618	
585	0.32	1.5470886421203613	
586	0.66	1.8232118844985963	
587	0.4	1.5778105127811433	
588	0.58	2.0921089816093446	
589	0.48	1.4573704540729522	
590	0.6	1.3904575991630554	
591	0.74	1.5604009944200516	
592	0.7	1.7046480417251586	
593	0.7	1.5624430012702941	
594	0.92	2.0741298604011535	
595	0.72	1.8827080881595613	
596	0.42	1.9319989693164825	
597	0.64	1.742209403514862	
598	0.6	1.4282198703289033	
599	0.56	2.368392469882965	
600	0.28	1.4969706630706787	
601	0.66	1.9112906742095948	
602	0.64	1.7567131805419922	
603	0.84	2.1200605750083925	
604	0.88	1.3562129247188568	
605	0.66	1.2785762119293214	
606	0.74	1.2983418238162994	
607	0.92	1.2963711810112	
608	0.6	1.845614221096039	
609	0.72	1.9239461100101471	
610	0.76	1.4429826891422273	
611	0.74	2.373411182165146	
612	0.92	2.244232301712036	
613	0.68	1.3974720966815948	
614	0.8	2.127184307575226	
615	0.7	1.1628674967586994	
616	0.66	1.8390130758285523	
617	0.74	1.4073628854751588	
618	0.26	1.7481405472755431	
619	0.5	1.4117295086383819	
620	0.14	1.449163339138031	
621	0.8	2.119559552669525	
622	0.38	1.5110383307933808	
623	0.2	1.4076514673233032	
624	0.56	2.1742454600334167	
625	0.92	1.8255468666553498	
626	0.52	1.3540541243553161	
627	0.78	1.6776482820510865	
628	0.86	1.5363990837335586	
629	0.74	1.4168471026420593	
630	0.84	1.6050143504142762	
631	0.56	1.3441398322582245	
632	0.56	1.208496899008751	
633	0.36	1.4547991061210632	
634	0.78	2.0644136571884157	
635	0.64	1.7606058597564698	
636	0.68	1.4291007679700851	
637	0.68	1.8305719697475433	
638	0.2	1.676651793718338	
639	0.44	1.7037165141105652	
640	0.92	2.357270405292511	
641	0.74	1.3730715918540954	
642	0.82	2.0715808343887328	
643	0.46	1.9613460636138915	
644	0.54	1.2028081214427948	
645	1.0	2.536905288696289	
646	0.78	2.3513404655456545	
647	0.62	1.5221727561950684	
648	0.52	1.3390935963392259	
649	0.68	1.7403085267543792	
650	0.36	1.3824637204408645	
651	0.54	1.4112974333763122	
652	0.52	1.8281014835834504	
653	0.6	1.7493849623203277	
654	0.8	1.8146922779083252	
655	0.42	1.728215080499649	
656	0.46	1.8490230298042298	
657	0.32	1.4653220760822296	
658	0.64	2.0577730214595795	
659	0.84	1.3279579865932465	
660	0.56	1.8420260596275329	
661	0.98	2.2981983423233032	
662	0.58	1.0778324300050734	
663	0.52	2.0096476340293883	
664	0.3	1.567199057340622	
665	0.54	2.365128364562988	
666	0.72	1.341617910861969	
667	0.44	1.4253148901462556	
668	0.82	1.4910008597373963	
669	0.84	1.2616888618469237	
670	0.78	2.0788974845409394	
671	0.74	2.2031537103652954	
672	0.84	1.78327805519104	
673	0.26	1.3394694763422013	
674	0.76	1.6813460648059846	
675	0.46	1.7845085310935973	
676	0.52	1.7978806495666504	
677	0.54	1.6828081184625625	
678	0.54	1.5776100051403046	
679	0.7	1.4753475737571717	
680	0.82	1.1261347979307175	
681	0.26	1.4940393853187561	
682	0.68	1.4054536032676697	
683	0.62	1.4749784791469573	
684	0.84	1.584816644191742	
685	0.96	1.5553248572349547	
686	0.58	1.6896185517311095	
687	0.82	2.162871870994568	
688	0.88	1.5042649829387664	
689	0.32	1.8001080191135406	
690	0.82	2.178119008541107	
691	0.58	1.5263101959228516	
692	0.44	1.9354169249534607	
693	0.68	1.9299920332431793	
694	0.88	2.127513544559479	
695	0.56	1.5764297604560853	
696	0.52	1.5470667159557343	
697	0.6	1.8329755306243896	
698	0.78	1.9900259137153626	
699	0.8	1.7147496819496155	
700	0.62	1.1325322890281677	
701	0.92	1.1540959835052491	
702	0.76	1.6095459926128388	
703	0.64	2.285721447467804	
704	0.72	1.7038986790180206	
705	0.62	1.7888695871829987	
706	0.48	1.993158495426178	
707	0.72	1.7084092044830321	
708	0.54	1.4641147077083587	
709	0.62	1.7770523858070373	
710	0.42	1.4481421327590942	
711	0.52	1.232023661136627	
712	0.7	1.3822014510631562	
713	0.92	1.0755592286586761	
714	0.72	1.4521651887893676	
715	0.78	1.789443962574005	
716	0.74	2.0349848711490632	
717	0.66	2.040769686698914	
718	0.5	1.5940262305736541	
719	0.84	1.4088895070552825	
720	0.72	1.5089448928833007	
721	0.48	2.1742147517204287	
722	0.82	1.7479683613777162	
723	0.72	1.9905883550643921	
724	0.7	1.7903790712356566	
725	0.34	1.5127933621406555	
726	0.88	1.4511065089702606	
727	0.86	1.682519139647484	
728	0.36	1.91969069480896	
729	0.54	1.6697245705127717	
730	0.68	2.2974429893493653	
731	0.4	1.6491330647468567	
732	0.8	1.377171550989151	
733	0.36	1.4882752782106399	
734	0.68	1.9039233827590942	
735	0.58	1.974701029062271	
736	0.76	1.4377419447898865	
737	0.56	2.111433741748333	
738	0.72	2.55882253408432	
739	0.94	1.7125968730449677	
740	0.26	1.718331869840622	
741	0.66	2.5496823143959046	
742	0.4	1.2218403291702271	
743	0.68	1.7542621827125549	
744	0.4	1.4605723893642426	
745	0.6	1.1751112067699432	
746	0.84	1.7773453611135483	
747	0.64	1.5478216755390166	
748	0.3	1.6506831896305085	
749	0.72	1.3852558791637422	
750	0.64	1.5726630294322967	
751	0.58	1.7467434573173524	
752	0.68	1.7092916798591613	
753	0.62	1.6853021430969237	
754	0.4	1.7298915803432464	
755	0.92	1.5923222255706788	
756	0.74	1.7941964221000672	
757	0.76	1.7156556963920593	
758	0.54	1.9066027641296386	
759	0.72	1.5486029160022736	
760	0.72	1.5776096093654632	
761	0.68	1.544546417593956	
762	0.5	2.016952350139618	
763	0.82	1.4362651467323304	
764	0.4	1.805159446001053	
765	0.64	1.9002542972564698	
766	0.86	2.098425545692444	
767	0.42	1.6094116711616515	
768	0.8	2.092483253479004	
769	0.68	1.4017227274179458	
770	0.8	1.9046014046669006	
771	0.86	1.1309793627262115	
772	0.56	1.6223728454113007	
773	0.48	1.2043546843528747	
774	0.74	1.6653348231315612	
775	0.62	2.0322552490234376	
776	0.58	1.8015716695785522	
777	0.68	1.4210913586616516	
778	0.54	1.6411411881446838	
779	0.86	2.0005480790138246	
780	0.86	1.4654659593105317	
781	0.9	2.082091439962387	
782	0.18	1.5198385632038116	
783	0.92	1.2634418880939484	
784	0.28	1.4712619602680206	
785	0.6	1.459981268644333	
786	0.64	1.6532425808906555	
787	0.5	1.9120997977256775	
788	0.62	2.3329073667526243	
789	0.76	1.5535184168815612	
790	0.58	2.1735794019699095	
791	0.72	2.20906809926033	
792	0.42	1.8261639058589936	
793	0.58	1.6242307198047639	
794	0.58	1.4615465593338013	
795	0.72	1.7212400436401367	
796	0.68	1.5579416561126709	
797	0.66	1.6467358946800232	
798	0.66	1.4624776709079743	
799	0.28	1.4575980579853058	
800	0.92	2.5410809969902037	
801	0.78	1.688648340702057	
802	0.88	1.7133346581459046	
803	0.82	1.7150968611240387	
804	0.46	1.2976227736473083	
805	0.88	1.5929559898376464	
806	0.5	1.764760855436325	
807	0.72	1.782070699930191	
808	0.56	1.9614006614685058	
809	0.1	1.6053539299964905	
810	0.62	1.6506827807426452	
811	0.52	1.533098694086075	
812	0.86	1.4561320269107818	
813	0.26	1.514735336303711	
814	0.9	1.6814118325710297	
815	0.56	1.9251108145713807	
816	0.68	1.4858932554721833	
817	0.7	1.934117510318756	
818	0.24	1.2023014950752258	
819	0.6	1.8099609351158141	
820	0.96	1.9129272925853729	
821	0.94	1.805450018644333	
822	0.84	2.0983497953414916	
823	0.54	1.4690461611747743	
824	0.46	2.2435020542144777	
825	0.7	2.3750673818588255	
826	0.44	1.6494435369968414	
827	0.56	1.5518478906154634	
828	0.54	1.774000324010849	
829	0.86	2.028559468984604	
830	0.52	2.1985463213920595	
831	0.82	1.242471308708191	
832	0.86	1.7823672664165497	
833	0.74	1.599053728580475	
834	0.46	1.463194763660431	
835	0.6	1.8940393829345703	
836	0.32	1.6139815849065782	
837	0.1	1.755538113117218	
838	0.28	1.7395109272003173	
839	0.48	1.9087488043308258	
840	0.78	1.492799342274666	
841	0.34	1.4394897997379303	
842	0.56	1.8587029588222503	
843	0.64	2.030133135318756	
844	0.54	1.1730046212673186	
845	0.44	1.3470735001564025	
846	0.72	1.3346691620349884	
847	0.82	1.7698684585094453	
848	0.4	1.51968989610672	
849	0.66	1.422795347571373	
850	0.66	1.809190456867218	
851	0.54	1.481231653690338	
852	0.74	1.5274840557575227	
853	0.82	2.054504539966583	
854	0.8	1.5860690450668335	
855	0.66	1.5231664490699768	
856	0.64	1.9907856392860412	
857	0.64	2.1815967750549317	
858	0.62	2.230176560878754	
859	0.58	1.3405556392669677	
860	0.52	2.07921156167984	
861	0.66	1.402517919242382	
862	0.76	1.6278427958488464	
863	0.86	2.154540810585022	
864	0.64	1.8215306067466737	
865	0.64	2.4452917742729188	
866	0.66	2.291100934743881	
867	0.8	1.6426152050495149	
868	0.42	1.930846619606018	
869	0.48	1.6293630409240722	
870	0.64	2.080236370563507	
871	0.72	1.40627112865448	
872	0.58	1.6198851919174195	
873	0.86	1.9118231987953187	
874	0.92	2.010603482723236	
875	0.72	1.8576749622821809	
876	0.32	1.2985825872421264	
877	0.76	1.9452837896347046	
878	0.68	1.9377774310112	
879	0.46	1.992791771888733	
880	0.82	2.0311117005348205	
881	0.76	1.3626953101158141	
882	0.5	1.5497197818756103	
883	0.42	1.6296089720726012	
884	0.72	1.72148357629776	
885	0.18	1.8809482598304748	
886	0.92	2.2660359501838685	
887	0.48	2.278842873573303	
888	0.76	1.8940816283226014	
889	0.6	1.8231828260421752	
890	0.94	1.8890967714786528	
891	0.76	1.7646305179595947	
892	0.54	1.5737196946144103	
893	0.34	1.6799661242961883	
894	0.62	1.3841366267204285	
895	0.76	1.1426028460264206	
896	0.76	0.9915796327590942	
897	0.68	1.3306433379650116	
898	0.44	1.7695627462863923	
899	0.16	1.4426207590103148	
900	0.92	1.4294814109802245	
901	0.7	1.366662950515747	
902	0.7	1.2575609838962556	
903	0.76	1.3825015914440155	
904	0.7	2.111400283575058	
905	0.56	1.597645492553711	
906	0.26	1.4261108934879303	
907	0.3	1.8449123048782348	
908	0.36	1.2313859343528748	
909	0.32	1.881557329893112	
910	0.4	1.5796799343824386	
911	0.42	2.1024298453330994	
912	0.74	2.255073754787445	
913	0.74	1.5159582352638246	
914	0.78	1.5221073675155639	
915	0.96	1.8808263051509857	
916	0.98	1.9208745133876801	
917	0.66	2.826696448326111	
918	0.76	1.8143634366989136	
919	0.74	1.8912862813472748	
920	0.7	1.571053502559662	
921	0.42	2.1015616977214813	
922	0.7	1.716539390683174	
923	0.52	1.8988053798675537	
924	0.64	2.0065186619758606	
925	0.72	1.3612882590293884	
926	0.92	1.9918869495391847	
927	0.88	1.6411037182807922	
928	0.3	1.705058192014694	
929	0.52	1.63094269156456	
930	0.62	1.9346289157867431	
931	0.6	1.965142297744751	
932	0.66	2.016366798877716	
933	0.7	1.8386503410339357	
934	0.62	1.892647099494934	
935	0.52	1.5943933176994323	
936	0.88	2.153147315979004	
937	0.86	2.1509817469120027	
938	0.78	1.9198696660995482	
939	0.68	2.075181760787964	
940	0.84	1.5080847477912902	
941	0.74	1.827576925754547	
942	0.68	1.6116143250465393	
943	0.54	1.9419180297851562	
944	0.82	2.253725681304932	
945	0.84	1.7544547319412231	
946	0.9	2.3318985176086424	
947	0.32	2.318620468378067	
948	0.8	1.2797229659557343	
949	0.62	2.153707741498947	
950	0.68	1.5552961599826813	
951	0.8	1.607739156484604	
952	0.78	1.7355743741989136	
953	0.84	2.204185254573822	
954	0.84	1.766635445356369	
955	0.9	2.340863375663757	
956	0.88	1.6551662218570709	
957	0.78	1.9977347826957703	
958	0.72	1.8421081805229187	
959	0.8	1.8987802958488464	
960	0.46	1.9054025852680205	
961	0.3	1.6553320395946503	
962	0.54	2.092606828212738	
963	0.66	2.4059303259849547	
964	0.66	1.7053706955909729	
965	0.64	1.7558262860774994	
966	0.68	1.4086977806687355	
967	0.5	1.432704472541809	
968	0.36	1.4808717274665832	
969	0.46	1.5305197715759278	
970	0.42	1.651779327392578	
971	0.68	1.7886603057384491	
972	0.6	1.833081555366516	
973	0.72	2.2088875126838685	
974	0.94	1.1604001903533936	
975	0.52	1.6656648588180543	
976	0.42	1.4416174989938737	
977	0.54	1.2475079721212388	
978	0.48	1.5188420832157135	
979	0.76	2.0223277950286866	
980	0.78	1.1803663110733031	
981	0.8	1.9059964799880982	
982	0.58	1.917441008090973	
983	0.74	1.5078033351898192	
984	0.96	2.060232367515564	
985	0.92	1.915145080089569	
986	1.0	1.9305221462249755	
987	0.34	2.2527726340293883	
988	0.9	2.0070049595832824	
989	0.94	1.8112675368785858	
990	0.86	2.0248883819580077	
991	0.94	2.298303964138031	
992	0.86	2.6315788316726683	
993	0.96	2.3106796097755433	
994	0.86	2.1909916937351226	
995	1.0	2.22109215259552	
996	0.84	2.328501260280609	
997	0.62	2.0787759113311766	
998	0.58	1.9783872663974762	
999	0.24	1.324958553314209	
