0	0.9	2.3171029913425447	
1	0.86	1.522724004983902	
2	0.64	1.3043251788616181	
3	0.76	1.1296440553665161	
4	0.8	1.0650514203310013	
5	0.82	1.6653946083784104	
6	0.42	1.690727037191391	
7	0.7	2.1742227387428286	
8	0.88	2.4282405829429625	
9	0.94	1.9523246216773986	
10	0.84	1.8985598719120025	
11	0.86	1.600823096036911	
12	0.86	1.656110496520996	
13	0.92	1.6445468139648438	
14	0.86	1.8251745867729188	
15	0.9	2.077322635650635	
16	0.76	1.7612655389308929	
17	0.86	1.778705358505249	
18	0.82	2.2050083684921264	
19	0.9	1.558861211538315	
20	0.82	1.8849390077590942	
21	0.82	1.5263727748394011	
22	0.84	1.5027889823913574	
23	0.82	1.8194431722164155	
24	0.94	2.1541609621047972	
25	0.88	2.701435742378235	
26	0.76	1.939905138015747	
27	0.72	2.115782849788666	
28	0.82	2.2440166664123535	
29	0.86	1.527624354362488	
30	0.68	2.305466377735138	
31	0.66	1.748381689786911	
32	0.52	1.9341796880960465	
33	0.68	1.8960586774349213	
34	0.62	1.9480951035022736	
35	0.54	2.0606624627113344	
36	0.54	2.2431640779972075	
37	0.64	2.432631537914276	
38	0.72	1.8272050321102142	
39	0.76	2.396806845664978	
40	0.54	1.6716171157360078	
41	0.9	2.559287314414978	
42	0.76	2.128515238761902	
43	0.82	2.3123596906661987	
44	0.6	2.294195615053177	
45	0.72	2.3936615109443666	
46	0.28	1.950659693479538	
47	0.78	2.0900844979286193	
48	0.84	2.3079902648925783	
49	0.66	2.2132724833488466	
50	0.7	2.1216286647319795	
51	0.86	2.0233573973178864	
52	0.74	2.231448894739151	
53	0.72	1.8136953818798065	
54	0.62	2.3464505219459535	
55	0.3	1.9038907086849213	
56	0.76	2.271714771986008	
57	0.82	2.6487946271896363	
58	0.56	2.152413902282715	
59	0.62	1.5608155316114425	
60	0.32	2.206599977016449	
61	0.68	2.21106703042984	
62	0.5	2.2708920526504515	
63	0.86	1.9780999004840851	
64	0.66	1.7386005198955536	
65	0.62	2.1551159834861755	
66	0.5	2.2343734133243562	
67	0.54	2.5174202871322633	
68	0.24	2.2089863646030428	
69	0.96	1.9454264950752258	
70	0.78	1.705667655467987	
71	0.86	1.8434960985183715	
72	0.86	1.6662763059139252	
73	0.68	1.633026546239853	
74	0.18	1.6162304782867432	
75	0.82	1.5698720395565033	
76	0.82	2.210276641845703	
77	0.46	2.0056664574146272	
78	0.76	1.606874612569809	
79	0.64	2.077472103834152	
80	0.92	1.83070631980896	
81	0.78	2.062538278102875	
82	0.84	2.388195172548294	
83	0.94	2.059771192073822	
84	0.9	2.7293570578098296	
85	0.82	2.147729991674423	
86	0.74	2.2252586889266968	
87	0.96	1.5799768853187561	
88	0.84	2.1044794392585753	
89	0.78	1.7536415922641755	
90	0.96	2.1631564784049986	
91	0.88	2.2471986746788026	
92	0.94	1.4264281618595123	
93	0.86	1.970340404510498	
94	0.86	1.3059721755981446	
95	0.92	1.5761738538742065	
96	0.84	1.978897887468338	
97	0.76	1.9479611718654632	
98	0.9	1.809238681793213	
99	0.64	1.9800207197666169	
100	0.96	1.8748545134067536	
101	0.66	2.2621317052841188	
102	0.98	2.8323022747039794	
103	0.76	1.5241832685470582	
104	0.68	2.314648427963257	
105	0.84	2.2981923627853393	
106	0.74	1.974121903181076	
107	0.82	1.407916133403778	
108	0.6	2.5070212721824645	
109	0.84	2.3716609370708466	
110	0.84	2.6630943155288698	
111	0.86	0.9426546525955201	
112	0.72	1.6903898310661316	
113	0.72	2.0446149682998658	
114	0.66	2.1891362369060516	
115	0.7	2.262669389247894	
116	0.78	2.481985025405884	
117	0.82	1.88051260471344	
118	0.72	2.2264887535572053	
119	0.62	2.4886364245414736	
120	0.72	2.074640464782715	
121	0.8	2.333431921005249	
122	0.86	2.261326129436493	
123	0.76	2.6300837111473085	
124	0.3	2.18779935836792	
125	0.72	1.9810431110858917	
126	0.68	1.8349230778217316	
127	0.78	1.6733729141950606	
128	0.8	1.9835654562711715	
129	0.98	1.9330249643325805	
130	0.9	1.8635220038890838	
131	0.86	2.2727136278152464	
132	0.9	1.697539474964142	
133	0.86	2.551512680053711	
134	0.58	1.9974740934371948	
135	0.96	2.3343483090400694	
136	0.88	2.5130293464660642	
137	0.9	1.8995822727680207	
138	0.92	2.2964401292800902	
139	0.96	1.9351901268959046	
140	0.82	1.8498943734169007	
141	0.88	1.7990708673000335	
142	0.82	1.8350749266147615	
143	0.86	1.6694901996850968	
144	0.92	1.7822010552883147	
145	0.88	1.8382497704029084	
146	0.86	1.764612945318222	
147	0.84	1.8745264625549316	
148	0.94	1.6973895692825318	
149	0.88	1.2112232995033265	
150	0.76	1.8689333617687225	
151	0.58	1.6797576570510864	
152	0.78	1.6026020550727844	
153	0.76	1.481595573425293	
154	0.76	1.6164983248710632	
155	0.72	1.721210139989853	
156	0.86	1.8088289213180542	
157	0.9	1.869223153591156	
158	0.62	1.8236360025405884	
159	0.72	2.0551235461235047	
160	0.94	2.00312180519104	
161	0.76	1.8105010414123535	
162	0.64	1.8140489625930787	
163	0.52	1.8199473690986634	
164	0.72	2.00133730173111	
165	0.64	1.8852817964553834	
166	0.76	1.7943450927734375	
167	0.44	1.8242442584037781	
168	0.74	1.9564162194728851	
169	0.88	1.8086009287834168	
170	0.56	1.9624330449104308	
171	0.76	1.7412930512428284	
172	0.72	1.9997433137893676	
173	0.64	1.9105432891845704	
174	0.86	1.8532361960411072	
175	0.68	2.004982068538666	
176	0.84	1.903106653690338	
177	0.82	1.9856556892395019	
178	0.86	1.8663608050346374	
179	0.68	2.083014191389084	
180	0.6	1.7577021038532257	
181	0.9	1.8756489300727843	
182	0.72	1.9432919836044311	
183	0.76	1.8985136449337006	
184	0.56	1.9311244416236877	
185	0.58	2.0066330456733703	
186	0.64	1.841900110244751	
187	0.52	1.9295802748203277	
188	0.68	2.147809730768204	
189	0.64	1.9039465165138245	
190	0.88	1.4837284648418427	
191	0.76	2.035080921649933	
192	0.7	1.9871372556686402	
193	0.52	2.006719148159027	
194	0.84	1.743224641084671	
195	0.88	1.7462695395946504	
196	0.52	1.8044427633285522	
197	0.6	2.0865043127536773	
198	0.86	2.096012840270996	
199	0.72	1.8901909232139587	
200	0.68	2.016917247772217	
201	0.54	1.999773998260498	
202	0.64	1.9997732043266296	
203	0.9	1.6097082138061523	
204	0.52	1.602937263250351	
205	0.78	1.908108673095703	
206	0.78	2.0444172585010527	
207	0.86	1.9251231575012206	
208	0.86	1.6391840708255767	
209	0.72	1.9223529291152954	
210	0.78	2.1639540791511536	
211	0.58	1.8343407344818115	
212	0.78	1.8787436187267303	
213	0.72	1.9773517227172852	
214	0.78	1.9738285315036774	
215	0.86	1.8426466917991637	
216	0.88	1.9541274666786195	
217	0.88	1.9637567806243896	
218	0.92	2.0965808391571046	
219	0.7	1.9081393337249757	
220	0.72	1.8925502157211305	
221	0.78	2.1181126642227173	
222	0.7	1.5681441450119018	
223	0.82	1.6899541747570037	
224	0.64	1.765139092206955	
225	0.88	1.947448161840439	
226	0.54	1.9092936897277832	
227	0.7	1.9054998421669007	
228	0.88	1.9331206059455872	
229	0.88	1.6694328022003173	
230	0.54	1.7386511409282683	
231	0.68	1.928492112159729	
232	0.74	1.9596663904190064	
233	0.74	2.0003392052650453	
234	0.84	1.9419650781154632	
235	0.7	2.018379316329956	
236	0.66	2.015633361339569	
237	0.62	1.9115070986747742	
238	0.42	1.80771803855896	
239	0.92	1.865930314064026	
240	0.26	2.0508051669597624	
241	0.72	1.8792143499851226	
242	0.7	1.9667936778068542	
243	0.84	1.9926638102531433	
244	0.92	1.8237822842597962	
245	0.8	1.6103571355342865	
246	0.68	1.8756772089004516	
247	0.82	1.7928806686401366	
248	0.56	1.6977327716350556	
249	0.64	1.8478695034980774	
250	0.62	1.762938061952591	
251	0.92	1.938701777458191	
252	0.86	1.7421771454811097	
253	0.82	1.8650577938556672	
254	0.86	1.8497835731506347	
255	0.96	2.022822048664093	
256	0.76	1.8106150364875793	
257	0.6	1.5791326534748078	
258	0.9	1.4254743194580077	
259	0.88	1.6705309343338013	
260	0.82	1.8428423821926116	
261	0.86	1.7515019130706788	
262	0.88	1.766100504398346	
263	0.7	1.6954942643642426	
264	0.8	2.0860909676551818	
265	0.5	1.5663950872421264	
266	0.52	1.628537549972534	
267	0.8	1.9195579564571381	
268	0.9	1.7732501697540284	
269	0.68	1.8631006813049316	
270	0.88	1.7312484180927277	
271	0.52	1.8957122993469238	
272	0.56	1.9311519396305084	
273	0.7	2.0449481880664826	
274	0.88	2.2376913118362425	
275	0.98	2.391328902244568	
276	0.88	2.124778347015381	
277	0.62	1.8662619733810424	
278	0.7	2.335154268741608	
279	0.9	1.6038097894191743	
280	0.68	1.9800566291809083	
281	0.64	1.8204711472988129	
282	0.12	2.0186228442192076	
283	0.84	1.3562870597839356	
284	0.94	1.5413237500190735	
285	0.54	1.713003832101822	
286	0.9	1.9729013800621034	
287	0.64	1.8919021153450013	
288	0.84	2.1950322866439818	
289	0.86	2.051519839763641	
290	0.72	2.468380892276764	
291	0.86	1.8655420899391175	
292	0.9	2.235761686563492	
293	0.9	2.2789815974235537	
294	0.98	1.9010411381721497	
295	0.72	2.031593585014343	
296	0.82	1.4028479754924774	
297	0.74	1.6256489181518554	
298	0.64	2.0755739724636078	
299	0.78	1.8540987634658814	
300	0.9	2.20366749048233	
301	0.8	1.8594527196884156	
302	0.8	1.8674194836616516	
303	0.64	1.9197457003593446	
304	0.6	1.715387443304062	
305	0.8	2.2770248651504517	
306	0.82	1.8972014534473418	
307	0.78	1.5256050753593444	
308	0.72	1.8435303568840027	
309	0.62	2.0741808915138247	
310	0.7	1.6704053735733033	
311	0.56	1.788225827217102	
312	0.56	1.716901297569275	
313	0.52	1.7825215256214142	
314	0.7	1.7079232972860336	
315	0.58	1.5266043496131898	
316	0.86	1.999925445318222	
317	0.88	1.681189820766449	
318	0.78	1.4459789443016051	
319	0.66	1.6648848068714142	
320	0.9	1.4833792996406556	
321	0.92	2.2404376530647276	
322	0.94	2.095785632133484	
323	0.9	2.486381118297577	
324	0.92	1.8530959045886994	
325	0.94	2.00233380317688	
326	0.9	1.6825693702697755	
327	0.84	2.5188069987297057	
328	0.76	2.47364116191864	
329	0.62	2.258899915218353	
330	0.68	2.1256700420379637	
331	0.88	1.9759554362297058	
332	0.92	1.5242889082431794	
333	0.96	1.5893128263950347	
334	0.86	2.4536754751205443	
335	0.78	2.000474725961685	
336	0.86	2.413932161331177	
337	0.78	2.1750298988819123	
338	0.68	1.6965373706817628	
339	0.94	2.1876223707199096	
340	0.94	2.4521253085136414	
341	0.5	2.169223928451538	
342	0.74	2.2054751467704774	
343	0.9	2.2289449203014375	
344	0.88	1.9194028985500335	
345	0.48	2.204234302043915	
346	0.78	2.174652433395386	
347	0.86	2.0369168758392333	
348	0.32	2.138377709388733	
349	0.84	2.20674028635025	
350	0.9	2.1526383113861085	
351	0.96	1.9112714993953706	
352	0.78	2.2636184704303743	
353	0.66	2.096861836910248	
354	0.92	2.164353097677231	
355	0.76	1.8636348199844361	
356	0.44	1.986302227973938	
357	0.8	2.118264914751053	
358	0.38	1.5031393444538117	
359	0.68	1.808294404745102	
360	0.74	1.7977323722839356	
361	0.84	2.079587070941925	
362	0.86	2.033262515068054	
363	0.88	2.468812975883484	
364	0.98	2.2770603322982788	
365	0.86	2.0290919947624206	
366	0.62	1.8474445974826812	
367	0.76	1.9015891885757445	
368	0.76	1.8580767607688904	
369	0.76	1.6906600725650787	
370	0.86	2.028960862159729	
371	0.62	1.858883136510849	
372	0.86	1.846453697681427	
373	0.64	1.7832720792293548	
374	0.6	1.5554866802692413	
375	0.8	1.9892187643051147	
376	1.0	2.3190002965927126	
377	0.66	1.8389732217788697	
378	0.7	2.162192268371582	
379	0.82	2.291989381313324	
380	0.62	2.0802550864219667	
381	0.36	2.059147013425827	
382	0.68	1.8556915521621704	
383	0.74	2.0298716497421263	
384	0.9	2.3154320883750916	
385	0.68	1.9033095562458038	
386	0.34	1.9904492115974426	
387	0.94	2.042424650192261	
388	0.9	1.9001478672027587	
389	0.76	1.8501984941959382	
390	0.58	2.2341035437583923	
391	0.74	1.8790461683273316	
392	0.98	2.0290437710285185	
393	0.62	2.3504878747463227	
394	0.7	1.7899422132968903	
395	0.62	1.8081959390640259	
396	0.94	2.7167562150955202	
397	0.78	2.053160094022751	
398	0.76	1.7858354592323302	
399	0.84	1.4537603652477264	
400	0.62	2.0963942909240725	
401	0.74	1.8504209113121033	
402	0.44	1.7989839696884156	
403	0.76	1.3826869583129884	
404	0.88	1.280719072818756	
405	0.68	1.061944353878498	
406	0.66	2.5878435945510865	
407	0.9	2.1779934883117678	
408	0.68	1.8635646271705628	
409	0.64	1.6254384624958038	
410	0.86	2.591004853248596	
411	0.58	2.1620966351032256	
412	0.42	1.7850398468971251	
413	0.64	1.9683916807174682	
414	0.32	1.7084526360034942	
415	0.34	2.231243226528168	
416	0.72	1.547975537776947	
417	0.9	1.5544511222839354	
418	0.56	1.4270742970705033	
419	0.58	1.3263093972206115	
420	0.84	1.8910786056518554	
421	0.58	1.8552953505516052	
422	0.58	1.6078228676319122	
423	0.8	1.944703040122986	
424	0.4	2.029382976293564	
425	0.92	2.030119986534119	
426	0.82	1.73101921916008	
427	0.6	1.77947265625	
428	0.64	2.3834992957115175	
429	0.74	1.9166513764858246	
430	0.8	1.9832354140281678	
431	0.7	1.6125896668434143	
432	0.88	1.6275031906366348	
433	0.62	1.911983015537262	
434	0.48	1.6896133649349212	
435	0.36	1.3783478206396103	
436	0.6	2.0460048580169676	
437	0.68	1.3056692641973495	
438	0.58	1.50312380194664	
439	0.82	2.1161989617347716	
440	0.7	2.035113602876663	
441	0.6	1.7463986825942994	
442	0.68	1.7638476550579072	
443	0.54	1.889278540611267	
444	0.76	2.465036680698395	
445	0.5	1.9575753402709961	
446	0.56	1.365573187470436	
447	0.58	1.7837595677375793	
448	0.78	2.150486696958542	
449	0.8	2.156488358974457	
450	0.82	1.7458350658416748	
451	0.8	1.6820005702972411	
452	0.56	1.9612571716308593	
453	0.66	2.070759745836258	
454	0.42	2.368731265068054	
455	0.56	2.19376473903656	
456	0.72	1.9446687698364258	
457	0.54	1.468913426399231	
458	0.92	2.379989607334137	
459	0.62	1.4874126970767976	
460	0.5	1.5153491646051407	
461	0.38	1.791376760005951	
462	0.64	2.1093761992454527	
463	0.6	1.7439194059371947	
464	0.44	1.7292941105365753	
465	0.64	1.6761411821842194	
466	0.96	1.8825430393218994	
467	0.76	2.546548149585724	
468	0.68	2.169266176223755	
469	0.52	2.0215844035148622	
470	0.54	1.4519662749767304	
471	0.74	2.027205044031143	
472	0.88	2.152615180015564	
473	0.6	1.1239078366756439	
474	0.58	1.8931496989727021	
475	0.88	1.632848768234253	
476	0.98	2.661813585758209	
477	0.64	1.9283801126480102	
478	0.32	1.5029185223579407	
479	0.4	1.9416394186019899	
480	0.66	1.6491186946630478	
481	0.48	1.7953926157951354	
482	0.32	1.6067211401462556	
483	0.76	1.9520332396030426	
484	0.66	1.5650685620307923	
485	0.28	1.5424609327316283	
486	0.82	1.8733721327781678	
487	0.7	1.507117749452591	
488	0.34	1.7573150503635406	
489	0.48	2.4260279822349546	
490	0.7	2.1781218075752258	
491	0.88	2.2152156329154966	
492	0.54	1.7694407558441163	
493	0.36	1.3766035485267638	
494	0.48	1.8072281670570374	
495	0.72	1.8506572926044464	
496	0.84	1.8702415370941161	
497	0.5	2.0809510624408722	
498	0.68	1.8620750963687898	
499	0.3	1.7404898858070375	
500	0.78	2.1227423644065855	
501	0.26	1.7734598469734193	
502	0.54	1.7733617556095123	
503	0.6	1.4929938590526581	
504	0.36	1.5781544899940492	
505	0.56	1.5754265117645263	
506	0.64	2.2187480092048646	
507	0.68	1.5980329167842866	
508	0.44	1.62534477353096	
509	0.54	2.8874812746047973	
510	0.82	1.5807477676868438	
511	0.7	1.789844934940338	
512	0.78	1.2487763142585755	
513	0.46	1.9103826808929443	
514	0.66	1.985260694026947	
515	0.54	1.8020715022087097	
516	0.4	1.638848443031311	
517	0.72	1.6859765779972076	
518	0.9	1.5997389149665833	
519	0.6	2.0293200039863586	
520	0.7	1.8171237158775329	
521	0.64	1.7949366164207459	
522	0.8	2.282417886257172	
523	0.38	1.6718399381637574	
524	0.5	1.9411208629608154	
525	0.74	1.6900992596149444	
526	0.62	1.7754595804214477	
527	0.48	1.6439158129692077	
528	0.86	1.650836261510849	
529	0.58	1.6639612603187561	
530	0.56	1.3321069771051406	
531	0.52	1.8203228580951691	
532	0.72	1.8473321890830994	
533	0.88	2.72304806470871	
534	0.42	1.7028515672683715	
535	0.92	2.133156485557556	
536	0.44	1.9171811187267302	
537	0.9	2.018278068304062	
538	0.7	2.2222034668922426	
539	0.42	1.7823473393917084	
540	0.9	1.611919629573822	
541	0.44	1.941607929468155	
542	0.38	1.5237220895290375	
543	0.46	1.7622504675388335	
544	0.66	2.0697811591625213	
545	0.84	1.9822181820869447	
546	0.66	2.017728374004364	
547	0.9	2.2036981844902037	
548	0.92	1.5484127843379973	
549	0.46	1.5542119753360748	
550	0.76	1.1893909299373626	
551	0.74	1.4367151772975921	
552	0.78	1.8798154449462892	
553	0.8	1.2306752157211305	
554	0.94	1.5774441802501677	
555	0.76	2.2684952878952025	
556	0.5	1.856331309080124	
557	0.68	1.2838739687204361	
558	0.32	1.9371779143810273	
559	0.62	1.8869379878044128	
560	0.84	2.1994312047958373	
561	0.78	2.2527264165878296	
562	0.82	1.8979910552501678	
563	0.7	1.419283720254898	
564	0.84	1.799382963180542	
565	0.98	1.9783254957199097	
566	0.72	2.1794351744651794	
567	0.4	1.7660646450519562	
568	0.72	1.7771890997886657	
569	0.88	1.8733163261413575	
570	0.74	1.5583011758327485	
571	0.76	2.0631130504608155	
572	0.6	1.5453850424289703	
573	0.82	2.007340167760849	
574	0.84	1.468681851029396	
575	0.78	2.1220412158966067	
576	0.94	2.16729553937912	
577	0.84	1.6232999885082244	
578	0.7	1.7488129794597627	
579	0.64	1.7516932547092439	
580	0.78	2.570139510631561	
581	0.7	2.101495944261551	
582	0.66	2.820244326591492	
583	0.86	1.9449988067150117	
584	0.48	1.8157266497612	
585	0.32	1.648740417957306	
586	0.7	1.9454703283309938	
587	0.38	1.6886714792251587	
588	0.62	2.2283920645713806	
589	0.48	1.5556102657318116	
590	0.6	1.4783781063556671	
591	0.74	1.6719909900426864	
592	0.7	1.81856862783432	
593	0.72	1.6671432530879975	
594	0.92	2.208049260377884	
595	0.72	2.008919417858124	
596	0.42	2.062841601371765	
597	0.62	1.861324919462204	
598	0.6	1.5249748992919923	
599	0.62	2.5204954624176024	
600	0.22	1.5982366216182708	
601	0.66	2.0392582058906554	
602	0.66	1.8718642318248748	
603	0.8	2.2627742314338684	
604	0.88	1.4418594551086426	
605	0.64	1.3631548988819122	
606	0.76	1.3830998969078063	
607	0.92	1.3830480813980102	
608	0.64	1.9744343829154969	
609	0.78	2.0554420280456545	
610	0.78	1.5425302958488465	
611	0.76	2.5300282716751097	
612	0.92	2.389160144329071	
613	0.72	1.4892960822582244	
614	0.82	2.2628978097438814	
615	0.66	1.2414257875084878	
616	0.7	1.9614030563831328	
617	0.8	1.4995440077781677	
618	0.26	1.864854122400284	
619	0.5	1.5080409061908722	
620	0.14	1.5418769919872284	
621	0.78	2.268158094882965	
622	0.38	1.610834275484085	
623	0.22	1.507942445874214	
624	0.58	2.313660717010498	
625	0.96	1.9477686667442322	
626	0.46	1.4449465870857239	
627	0.78	1.7909777545928955	
628	0.86	1.6435805928707123	
629	0.74	1.508442668914795	
630	0.84	1.7209928989410401	
631	0.56	1.4348879945278168	
632	0.56	1.2868128180503846	
633	0.3	1.5539811861515045	
634	0.76	2.203760747909546	
635	0.62	1.8753125071525574	
636	0.7	1.5238396668434142	
637	0.7	1.9549143046140671	
638	0.24	1.7872050392627716	
639	0.48	1.8136615145206452	
640	0.94	2.5231509160995484	
641	0.74	1.462610411643982	
642	0.76	2.203483330011368	
643	0.46	2.090923960208893	
644	0.56	1.2803874254226684	
645	1.0	2.7013026165962217	
646	0.8	2.5148927998542785	
647	0.62	1.6267988729476928	
648	0.5	1.4309235394001008	
649	0.72	1.8662834918498994	
650	0.38	1.4723222303390502	
651	0.52	1.5076865398883819	
652	0.54	1.9473700547218322	
653	0.58	1.8683219134807587	
654	0.8	1.934691483974457	
655	0.4	1.8452750110626222	
656	0.4	1.9717653703689575	
657	0.3	1.56607421875	
658	0.62	2.1967709851264954	
659	0.86	1.4218622410297395	
660	0.58	1.967110160589218	
661	0.98	2.4463859033584594	
662	0.56	1.1545766919851304	
663	0.56	2.1442657804489134	
664	0.32	1.669709420800209	
665	0.54	2.518052062988281	
666	0.7	1.4359143948554993	
667	0.46	1.5174601292610168	
668	0.82	1.59156329870224	
669	0.84	1.3551319491863252	
670	0.78	2.212344958782196	
671	0.78	2.348079562187195	
672	0.84	1.9098150539398193	
673	0.3	1.4294467496871948	
674	0.76	1.7967147505283356	
675	0.42	1.9026032435894011	
676	0.5	1.9207800722122192	
677	0.56	1.7977208083868026	
678	0.56	1.6850669550895692	
679	0.74	1.57507532954216	
680	0.82	1.2023521184921264	
681	0.3	1.5948700535297393	
682	0.7	1.5042916917800904	
683	0.6	1.5681899774074555	
684	0.82	1.6954571986198426	
685	0.96	1.659847741127014	
686	0.58	1.8062683534622193	
687	0.82	2.302240114212036	
688	0.88	1.6035207951068877	
689	0.32	1.923915811777115	
690	0.82	2.3240720582008363	
691	0.6	1.6270742917060852	
692	0.44	2.059575095176697	
693	0.66	2.0613771653175355	
694	0.88	2.26626713514328	
695	0.58	1.681834352016449	
696	0.56	1.6489688396453857	
697	0.6	1.955677227973938	
698	0.7	2.123142123222351	
699	0.8	1.8237890672683716	
700	0.6	1.2152144372463227	
701	0.92	1.2302240192890168	
702	0.72	1.711955921649933	
703	0.66	2.439999613761902	
704	0.74	1.8202224099636077	
705	0.62	1.905869334936142	
706	0.48	2.1264820003509524	
707	0.7	1.8209099960327149	
708	0.52	1.5643750035762787	
709	0.66	1.8955500400066376	
710	0.4	1.5456628584861756	
711	0.58	1.3090652883052827	
712	0.66	1.481730316877365	
713	0.92	1.1510518980026245	
714	0.7	1.551754229068756	
715	0.8	1.9074434208869935	
716	0.74	2.1682553267478943	
717	0.66	2.1752893686294557	
718	0.48	1.7047903287410735	
719	0.82	1.507522727251053	
720	0.72	1.6105716001987458	
721	0.5	2.3142582285404205	
722	0.78	1.8578738975524902	
723	0.72	2.1169710659980776	
724	0.7	1.909658796787262	
725	0.38	1.6185518956184388	
726	0.88	1.5516733169555663	
727	0.86	1.7966087514162064	
728	0.38	2.046676894426346	
729	0.56	1.7791832768917084	
730	0.66	2.45335378408432	
731	0.42	1.7612539803981782	
732	0.8	1.4686304199695588	
733	0.36	1.5887743210792542	
734	0.68	2.0287049508094785	
735	0.62	2.107529491186142	
736	0.76	1.5368642389774323	
737	0.56	2.2456062775850296	
738	0.7	2.7229814982414244	
739	0.92	1.8307043182849885	
740	0.24	1.831568865776062	
741	0.68	2.7206951451301573	
742	0.4	1.3032724833488465	
743	0.68	1.8669862258434295	
744	0.34	1.5602937722206116	
745	0.58	1.2524545729160308	
746	0.86	1.8895165026187897	
747	0.66	1.6521281015872955	
748	0.34	1.7631421267986298	
749	0.74	1.4802467405796051	
750	0.58	1.6825797152519226	
751	0.58	1.8654496312141418	
752	0.68	1.8243140137195588	
753	0.64	1.7999111104011536	
754	0.46	1.846686477661133	
755	0.92	1.704770405292511	
756	0.74	1.9180496644973755	
757	0.78	1.8300111627578735	
758	0.54	2.033201129436493	
759	0.7	1.6507481741905212	
760	0.74	1.6843554639816285	
761	0.7	1.6495679062604904	
762	0.48	2.1486762738227845	
763	0.8	1.536055896282196	
764	0.4	1.9272911393642425	
765	0.6	2.0242382860183716	
766	0.88	2.2365661001205446	
767	0.46	1.7149557566642761	
768	0.8	2.2287296557426455	
769	0.68	1.4971149456501007	
770	0.8	2.027606043815613	
771	0.88	1.206882164478302	
772	0.54	1.7323226428031921	
773	0.5	1.2884538400173187	
774	0.72	1.781703600883484	
775	0.62	2.1664843654632566	
776	0.62	1.9162181186676026	
777	0.68	1.5226168060302734	
778	0.54	1.7487958359718323	
779	0.9	2.1292550003528596	
780	0.84	1.5630982804298401	
781	0.9	2.2156919550895693	
782	0.18	1.6198493254184723	
783	0.92	1.3503870379924774	
784	0.28	1.570576376914978	
785	0.64	1.560703934431076	
786	0.66	1.7662296712398529	
787	0.52	2.0394993627071383	
788	0.6	2.4799059319496153	
789	0.78	1.654356255531311	
790	0.56	2.310007183551788	
791	0.72	2.3528627228736876	
792	0.42	1.9503659343719482	
793	0.6	1.7334653913974762	
794	0.58	1.5624414122104644	
795	0.74	1.838272088766098	
796	0.68	1.6655085968971253	
797	0.64	1.7588679850101472	
798	0.66	1.5676909375190735	
799	0.28	1.5561335980892181	
800	0.94	2.6989975237846373	
801	0.78	1.8075171446800231	
802	0.9	1.8308446276187897	
803	0.84	1.8306393492221833	
804	0.48	1.3878435814380645	
805	0.86	1.6959905087947846	
806	0.5	1.8852268135547638	
807	0.7	1.8998505175113678	
808	0.6	2.091063849925995	
809	0.1	1.7138062083721162	
810	0.56	1.756642634868622	
811	0.5	1.64124680519104	
812	0.88	1.5529316878318786	
813	0.26	1.6161587291955948	
814	0.86	1.7962256979942322	
815	0.6	2.0542534244060517	
816	0.66	1.5901949191093445	
817	0.68	2.0629504132270813	
818	0.3	1.286286274790764	
819	0.6	1.9284351205825805	
820	0.94	2.0420260620117188	
821	0.92	1.9257872271537781	
822	0.84	2.232065136432648	
823	0.48	1.5690266156196595	
824	0.5	2.3971990728378296	
825	0.74	2.5381214165687562	
826	0.46	1.7585347771644593	
827	0.58	1.6580998849868775	
828	0.58	1.8917067921161652	
829	0.88	2.159882802963257	
830	0.54	2.342897024154663	
831	0.84	1.3313436830043792	
832	0.84	1.9006441223621369	
833	0.72	1.711981431245804	
834	0.54	1.5620986092090607	
835	0.58	2.0304089736938478	
836	0.3	1.72251913189888	
837	0.08	1.8716868829727173	
838	0.3	1.8568558526039123	
839	0.5	2.036502332687378	
840	0.74	1.5949545675516128	
841	0.34	1.540954238176346	
842	0.54	1.983591754436493	
843	0.66	2.165648514032364	
844	0.54	1.2591442096233367	
845	0.42	1.437785779237747	
846	0.68	1.4277172303199768	
847	0.8	1.892526307106018	
848	0.42	1.620811151266098	
849	0.64	1.5173668664693833	
850	0.66	1.9332369887828826	
851	0.52	1.5807744693756103	
852	0.76	1.6329488402605057	
853	0.84	2.1962655353546143	
854	0.8	1.6951725971698761	
855	0.68	1.626185840368271	
856	0.64	2.12341796875	
857	0.64	2.3270726919174196	
858	0.62	2.374777579307556	
859	0.58	1.4266103184223176	
860	0.48	2.2135658478736877	
861	0.64	1.5012448117136956	
862	0.74	1.7360459411144256	
863	0.86	2.297494423389435	
864	0.64	1.9459287476539613	
865	0.66	2.598665487766266	
866	0.68	2.442220184803009	
867	0.8	1.7578424072265626	
868	0.42	2.060278224945068	
869	0.48	1.73853635430336	
870	0.66	2.2172273540496827	
871	0.76	1.5028930115699768	
872	0.58	1.7287208998203278	
873	0.88	2.0414716148376466	
874	0.94	2.142331395149231	
875	0.64	1.977198657989502	
876	0.34	1.3935698455572127	
877	0.72	2.0717498254776	
878	0.7	2.0603332209587095	
879	0.48	2.1231608641147615	
880	0.82	2.1670950150489805	
881	0.82	1.452282765507698	
882	0.5	1.6559809517860413	
883	0.46	1.738901482820511	
884	0.72	1.8443817830085754	
885	0.18	2.006841526031494	
886	0.92	2.4071017909049988	
887	0.5	2.4270974254608153	
888	0.72	2.026451691389084	
889	0.62	1.943151707649231	
890	0.92	2.0077020716667175	
891	0.76	1.8813488602638244	
892	0.56	1.684218738079071	
893	0.34	1.797043216228485	
894	0.64	1.4795718967914582	
895	0.74	1.2187456047534944	
896	0.76	1.0620555675029755	
897	0.68	1.4220711135864257	
898	0.4	1.888576213121414	
899	0.16	1.5428180766105652	
900	0.92	1.5276335275173187	
901	0.72	1.462029640674591	
902	0.7	1.3425406634807586	
903	0.76	1.4757696843147279	
904	0.7	2.2443933415412904	
905	0.56	1.7056349670886994	
906	0.24	1.5210849726200104	
907	0.28	1.9627881848812103	
908	0.36	1.322372056245804	
909	0.34	2.0080161905288696	
910	0.38	1.6910279911756516	
911	0.42	2.2438420939445494	
912	0.72	2.4065102887153627	
913	0.8	1.624938223361969	
914	0.76	1.6285355579853058	
915	0.96	2.00883051276207	
916	0.98	2.0365314066410063	
917	0.66	2.998724501132965	
918	0.78	1.9356090641021728	
919	0.74	2.0105715835094453	
920	0.74	1.6754687571525573	
921	0.44	2.2360287857055665	
922	0.7	1.8355201828479766	
923	0.48	2.02474328994751	
924	0.64	2.1369052743911743	
925	0.7	1.4594204437732696	
926	0.94	2.1255377101898194	
927	0.9	1.7547580516338348	
928	0.32	1.8207501673698425	
929	0.5	1.7422452771663666	
930	0.62	2.0708227121829985	
931	0.54	2.097736773490906	
932	0.66	2.148073179721832	
933	0.7	1.9631493139266967	
934	0.62	2.0183047699928283	
935	0.54	1.7053663039207458	
936	0.86	2.2987181448936465	
937	0.86	2.291251997947693	
938	0.78	2.0480990743637086	
939	0.64	2.2179041862487794	
940	0.88	1.6189536881446838	
941	0.72	1.9523792457580567	
942	0.62	1.72395090341568	
943	0.56	2.072978312969208	
944	0.82	2.3993498826026918	
945	0.82	1.8700067830085754	
946	0.9	2.479126274585724	
947	0.34	2.4723030841350555	
948	0.82	1.3709813475608825	
949	0.62	2.2940935838222503	
950	0.66	1.6648449468612672	
951	0.8	1.7179049837589264	
952	0.8	1.8536116993427276	
953	0.82	2.3467351031303405	
954	0.84	1.8844184625148772	
955	0.9	2.5002997612953184	
956	0.88	1.7646771550178528	
957	0.78	2.1282836520671844	
958	0.74	1.976821973323822	
959	0.8	2.0255014538764953	
960	0.46	2.0289261817932127	
961	0.3	1.7737902688980103	
962	0.58	2.23438613653183	
963	0.64	2.559408884048462	
964	0.64	1.8271711623668672	
965	0.68	1.8751275491714479	
966	0.68	1.5016661420464517	
967	0.52	1.5292952871322631	
968	0.36	1.5824206757545471	
969	0.48	1.636181434392929	
970	0.46	1.7734869253635406	
971	0.7	1.9071942764520644	
972	0.6	1.9672935318946838	
973	0.72	2.36351163983345	
974	0.94	1.249158160686493	
975	0.56	1.7858514034748076	
976	0.44	1.550917967557907	
977	0.54	1.3443200069665908	
978	0.5	1.629272961616516	
979	0.76	2.168286831378937	
980	0.74	1.2720172959566116	
981	0.8	2.033282831907272	
982	0.58	2.0441880512237547	
983	0.76	1.6166760921478271	
984	0.96	2.203091118335724	
985	0.92	2.0352778255939485	
986	1.0	2.056446113586426	
987	0.28	2.393880321979523	
988	0.92	2.1420834636688233	
989	0.94	1.9289508938789368	
990	0.86	2.15897958278656	
991	0.96	2.447058744430542	
992	0.86	2.8011798310279845	
993	0.98	2.45924467086792	
994	0.86	2.3333346819877625	
995	1.0	2.368898673057556	
996	0.86	2.481425392627716	
997	0.64	2.2171675848960875	
998	0.58	2.1065732681751252	
999	0.22	1.4181616723537445	
