0	0.88	3.7385953760147093	
1	0.86	2.4740210378170016	
2	0.72	2.135929925441742	
3	0.74	1.9131265878677368	
4	0.78	1.8411395835876465	
5	0.8	2.6769507110118864	
6	0.54	2.8636340141296386	
7	0.7	3.4738400912284852	
8	0.9	3.853958024978638	
9	0.96	3.1627519392967223	
10	0.88	2.9850342583656313	
11	0.92	2.522939236164093	
12	0.86	2.6031927609443666	
13	0.96	2.6216334557533263	
14	0.9	2.8597735929489136	
15	0.9	3.2641992139816285	
16	0.78	2.740089704990387	
17	0.9	2.792721219062805	
18	0.86	3.4491051614284514	
19	0.94	2.4792143583297728	
20	0.86	2.9896460342407227	
21	0.8	2.4117410516738893	
22	0.88	2.357439405918121	
23	0.9	2.90623486995697	
24	0.96	3.398350977897644	
25	0.9	4.209124698638916	
26	0.7	3.0544845914840697	
27	0.74	3.3500605726242068	
28	0.86	3.5773126530647277	
29	0.9	2.460842638015747	
30	0.82	3.6406616520881654	
31	0.76	2.799795536994934	
32	0.48	3.060930701494217	
33	0.74	3.0919670701026916	
34	0.64	3.178661506175995	
35	0.58	3.2769228053092956	
36	0.6	3.5211356019973756	
37	0.74	3.8068897414207457	
38	0.76	2.9222508692741394	
39	0.76	3.7777184295654296	
40	0.6	2.6671177315711976	
41	0.88	4.024855356216431	
42	0.74	3.385570373535156	
43	0.86	3.640746555328369	
44	0.6	3.625467164516449	
45	0.74	3.8072676420211793	
46	0.4	3.1068347191810606	
47	0.76	3.2732629203796386	
48	0.88	3.7125442457199096	
49	0.66	3.581615114212036	
50	0.82	3.4000665855407717	
51	0.88	3.251662561893463	
52	0.74	3.5278411722183227	
53	0.8	2.90986207485199	
54	0.6	3.6781824254989623	
55	0.42	3.036670105457306	
56	0.78	3.5915321826934816	
57	0.88	4.10172712802887	
58	0.64	3.4254803252220154	
59	0.58	2.4661168551445005	
60	0.34	3.5023043155670166	
61	0.78	3.474073271751404	
62	0.5	3.6229448533058166	
63	0.84	3.132801353931427	
64	0.66	2.754761210680008	
65	0.66	3.5344559240341185	
66	0.54	3.5612782883644103	
67	0.6	3.984292895793915	
68	0.36	3.5508474147319795	
69	0.94	3.178940119743347	
70	0.82	2.749540423154831	
71	0.86	2.906063446998596	
72	0.92	2.6181134366989136	
73	0.58	2.580907998085022	
74	0.44	2.5616274785995485	
75	0.84	2.536855878829956	
76	0.9	3.51900354385376	
77	0.62	3.1639521074295045	
78	0.76	2.4910000872612	
79	0.64	3.3178116989135744	
80	0.92	2.943743224143982	
81	0.8	3.254142210483551	
82	0.86	3.7299254655838014	
83	0.94	3.2733661580085753	
84	0.86	4.345523328781128	
85	0.82	3.3889580821990966	
86	0.76	3.4954412388801575	
87	0.96	2.5304886865615845	
88	0.9	3.303351016044617	
89	0.9	2.7764867687225343	
90	0.96	3.3863767528533937	
91	0.9	3.5139975428581236	
92	0.94	2.2428352069854736	
93	0.9	3.078583755493164	
94	0.9	2.0846452486515044	
95	0.92	2.4814604759216308	
96	0.86	3.10172553062439	
97	0.84	3.1095503830909728	
98	0.88	2.8932007575035095	
99	0.66	3.1823293948173523	
100	0.96	3.000693564414978	
101	0.62	3.620506615638733	
102	1.0	4.407944419384003	
103	0.72	2.537056381702423	
104	0.8	3.743581380844116	
105	0.9	3.675937876701355	
106	0.76	3.2308139419555664	
107	0.86	2.367968751192093	
108	0.6	3.9668737936019896	
109	0.88	3.889691092967987	
110	0.86	4.18293126821518	
111	0.86	1.5573325914144516	
112	0.76	2.6987659478187562	
113	0.74	3.2402790141105653	
114	0.7	3.4586196613311766	
115	0.76	3.6236168909072877	
116	0.78	3.9128966236114504	
117	0.82	2.9723875856399538	
118	0.76	3.483085949420929	
119	0.66	3.9018861746788023	
120	0.74	3.2775123500823975	
121	0.86	3.6742677593231203	
122	0.8	3.5226016426086426	
123	0.76	4.211272749900818	
124	0.42	3.4539365673065188	
125	0.74	3.1828487634658815	
126	0.62	2.9366462087631224	
127	0.82	2.6610064482688904	
128	0.84	3.157657469511032	
129	0.98	3.0427244210243227	
130	0.92	2.973453038930893	
131	0.86	3.557401514053345	
132	0.94	2.722133663892746	
133	0.84	3.951048686504364	
134	0.68	3.190987311601639	
135	0.96	3.63467992067337	
136	0.9	3.913809018135071	
137	0.88	3.062861890792847	
138	0.94	3.6955532455444335	
139	0.96	3.076310193538666	
140	0.78	2.951799657344818	
141	0.86	2.8922672176361086	
142	0.88	2.919334352016449	
143	0.86	2.6596209156513213	
144	0.92	2.819353075027466	
145	0.92	2.9649864292144774	
146	0.88	2.8477830052375794	
147	0.86	3.023863205909729	
148	0.94	2.7684677803516387	
149	0.82	2.0676514410972597	
150	0.78	3.032846007347107	
151	0.64	2.699059336185455	
152	0.72	2.5727387499809264	
153	0.74	2.4260881638526914	
154	0.78	2.6228766655921936	
155	0.74	2.8125354743003843	
156	0.88	2.928549110889435	
157	0.9	3.0114859747886658	
158	0.58	2.893075203895569	
159	0.74	3.300691156387329	
160	0.94	3.202903776168823	
161	0.8	2.9228025031089784	
162	0.72	2.9384175896644593	
163	0.5	2.927085454463959	
164	0.8	3.2085215878486633	
165	0.6	3.0192773652076723	
166	0.74	2.8629834914207457	
167	0.36	2.9100518250465393	
168	0.68	3.178042106628418	
169	0.94	2.890099663734436	
170	0.6	3.1479392719268797	
171	0.76	2.8067737197875977	
172	0.74	3.2148246288299562	
173	0.64	3.066656992435455	
174	0.86	3.028282024860382	
175	0.68	3.2497205996513365	
176	0.78	3.0401355385780335	
177	0.84	3.1950765085220336	
178	0.9	3.014126269817352	
179	0.68	3.3472787880897523	
180	0.62	2.842187502384186	
181	0.92	3.0518766045570374	
182	0.82	3.1657222366333007	
183	0.78	3.010098855495453	
184	0.66	3.1174916338920595	
185	0.64	3.264890010356903	
186	0.66	2.9769415712356566	
187	0.58	3.100526156425476	
188	0.66	3.502292718887329	
189	0.7	3.1107477712631226	
190	0.82	2.3922616338729856	
191	0.82	3.3194714474678038	
192	0.78	3.2508198833465576	
193	0.48	3.2335694217681885	
194	0.82	2.795054597854614	
195	0.9	2.7952239871025086	
196	0.68	2.8760136556625366	
197	0.66	3.339815068244934	
198	0.78	3.357311849594116	
199	0.74	3.045544075965881	
200	0.62	3.2658541703224184	
201	0.64	3.2297775864601137	
202	0.62	3.2245217037200926	
203	0.9	2.629703414440155	
204	0.62	2.623093111515045	
205	0.8	3.0728081250190735	
206	0.74	3.3227419519424437	
207	0.86	3.099119119644165	
208	0.82	2.681865439414978	
209	0.8	3.1223987436294554	
210	0.82	3.469491791725159	
211	0.66	2.9514803862571717	
212	0.74	3.0082980012893676	
213	0.76	3.2079611921310427	
214	0.8	3.2061312198638916	
215	0.84	2.979419617652893	
216	0.9	3.105141086578369	
217	0.9	3.1537990307807924	
218	0.88	3.3742809438705446	
219	0.68	3.0843375182151793	
220	0.7	3.041328125	
221	0.78	3.423221454620361	
222	0.72	2.560603852272034	
223	0.8	2.727788574695587	
224	0.68	2.84921795129776	
225	0.9	3.1272664189338686	
226	0.54	3.0686595010757447	
227	0.74	3.041815207004547	
228	0.86	3.117503185272217	
229	0.84	2.6789353346824645	
230	0.62	2.8254340648651124	
231	0.66	3.1252539110183717	
232	0.74	3.133347418308258	
233	0.76	3.221294651031494	
234	0.88	3.1205022358894348	
235	0.74	3.2535207891464233	
236	0.7	3.228011791706085	
237	0.62	3.066120858192444	
238	0.5	2.9090222358703612	
239	0.92	3.014380190372467	
240	0.32	3.295547251701355	
241	0.66	2.9092223381996156	
242	0.74	3.170820322036743	
243	0.82	3.2072839760780334	
244	0.88	2.943804609775543	
245	0.82	2.6099525928497314	
246	0.56	3.0006393694877627	
247	0.9	2.9020707201957703	
248	0.54	2.7565337920188906	
249	0.7	3.0218402981758117	
250	0.56	2.8702758026123045	
251	0.9	3.0604715299606324	
252	0.82	2.7833737421035765	
253	0.8	2.9892163467407227	
254	0.9	2.985989301204681	
255	0.96	3.2331724166870117	
256	0.76	2.937430260181427	
257	0.64	2.5907684993743896	
258	0.98	2.3418423247337343	
259	0.9	2.753441116809845	
260	0.82	2.987617950439453	
261	0.88	2.8663014125823976	
262	0.84	2.8599736976623533	
263	0.78	2.755493447780609	
264	0.8	3.3313345074653626	
265	0.54	2.5530277395248415	
266	0.52	2.6691629552841185	
267	0.86	3.1077762150764467	
268	0.92	2.873537156581879	
269	0.7	2.9492849206924436	
270	0.86	2.814134266376495	
271	0.56	2.945247552394867	
272	0.56	3.0049035334587098	
273	0.7	3.3131497001647947	
274	0.88	3.6052068567276	
275	1.0	3.7980735683441162	
276	0.9	3.3577128577232362	
277	0.62	2.9282302355766294	
278	0.68	3.6966354298591613	
279	0.96	2.6332776522636414	
280	0.7	3.101285891532898	
281	0.6	2.8957162570953368	
282	0.18	3.200560417175293	
283	0.84	2.237130105495453	
284	0.92	2.503757576942444	
285	0.5	2.792660639286041	
286	0.9	3.229232325553894	
287	0.7	2.9415457487106322	
288	0.86	3.3158438181877137	
289	0.88	3.2061049246788027	
290	0.74	3.728764362335205	
291	0.86	2.917555801868439	
292	0.9	3.377781801223755	
293	0.9	3.5056226110458373	
294	0.96	2.9715792393684386	
295	0.86	3.2206859970092774	
296	0.88	2.2408633708953856	
297	0.74	2.558019359111786	
298	0.68	3.2994491410255433	
299	0.76	2.9696906757354737	
300	0.88	3.4615569281578065	
301	0.84	2.925293354988098	
302	0.72	2.955591504573822	
303	0.7	3.049012680053711	
304	0.6	2.7424601316452026	
305	0.84	3.633459780216217	
306	0.84	3.008083157539368	
307	0.8	2.4401845431327818	
308	0.74	2.8922747945785523	
309	0.66	3.2258585858345032	
310	0.7	2.6223138523101808	
311	0.62	2.841300616264343	
312	0.54	2.717438998222351	
313	0.64	2.808200341463089	
314	0.68	2.791260336637497	
315	0.58	2.4055317187309266	
316	0.88	3.1515218114852903	
317	0.88	2.706583228111267	
318	0.78	2.342149634361267	
319	0.68	2.628001825809479	
320	0.84	2.3453938341140748	
321	0.94	3.4921305084228518	
322	0.9	3.262731959819794	
323	0.88	3.7671592164039613	
324	0.92	2.886399877071381	
325	0.94	3.1490983891487123	
326	0.9	2.6419236278533935	
327	0.8	4.0373517370224	
328	0.78	3.917521507740021	
329	0.66	3.598829333782196	
330	0.72	3.326100912094116	
331	0.88	3.097898187637329	
332	0.92	2.4882896447181704	
333	0.98	2.5678599524497985	
334	0.86	3.8842255306243896	
335	0.72	3.1265501594543457	
336	0.92	3.863934555053711	
337	0.74	3.4950629901885986	
338	0.68	2.7785913491249086	
339	0.96	3.447182340621948	
340	0.98	3.7732505702972414	
341	0.52	3.494299280643463	
342	0.82	3.56277223110199	
343	0.88	3.6413636016845703	
344	0.9	3.149516086578369	
345	0.48	3.5305026626586913	
346	0.86	3.543053250312805	
347	0.86	3.3303284430503846	
348	0.5	3.4429264783859255	
349	0.72	3.5515604877471922	
350	0.9	3.4544431734085084	
351	0.96	3.143511652946472	
352	0.8	3.5941126918792725	
353	0.66	3.4188293170928956	
354	0.9	3.488257718086243	
355	0.8	3.0139313459396364	
356	0.46	3.090572011470795	
357	0.78	3.3899453830718995	
358	0.46	2.332368059158325	
359	0.78	2.8980074071884157	
360	0.74	2.815841836929321	
361	0.88	3.310946283340454	
362	0.86	3.158887894153595	
363	0.92	3.91182279586792	
364	0.98	3.5912711071968078	
365	0.86	3.181066644191742	
366	0.72	2.9406624484062194	
367	0.78	3.02160475730896	
368	0.72	2.8920384097099303	
369	0.74	2.6516394233703613	
370	0.84	3.2578232741355895	
371	0.6	2.925985324382782	
372	0.86	2.97090322971344	
373	0.72	2.8370666980743406	
374	0.58	2.403944113254547	
375	0.82	3.087905373573303	
376	1.0	3.629610583782196	
377	0.7	2.903553509712219	
378	0.76	3.3950187253952024	
379	0.82	3.539841344356537	
380	0.58	3.292427072525024	
381	0.4	3.1818410992622375	
382	0.7	2.915201711654663	
383	0.72	3.1510801553726195	
384	0.88	3.6027618741989134	
385	0.7	2.970471920967102	
386	0.4	3.1993076252937316	
387	0.94	3.2164819836616516	
388	0.92	3.064852137565613	
389	0.72	2.9343710112571717	
390	0.6	3.6206824207305908	
391	0.78	3.0364676451683046	
392	0.96	3.2186128997802737	
393	0.76	3.7003933906555178	
394	0.68	2.9015991640090943	
395	0.66	2.946616320610046	
396	0.94	4.251284298896789	
397	0.8	3.305623383522034	
398	0.78	2.7642422413825987	
399	0.8	2.258756377696991	
400	0.46	3.2602084732055663	
401	0.76	2.837922112941742	
402	0.44	2.8475327014923097	
403	0.76	2.254051730632782	
404	0.9	2.0562639582157134	
405	0.7	1.7409645998477936	
406	0.66	4.074467494487762	
407	0.92	3.3929767274856566	
408	0.7	2.9029990577697755	
409	0.64	2.5110610342025756	
410	0.86	4.078018965721131	
411	0.6	3.442573347091675	
412	0.48	2.8663803219795225	
413	0.54	3.0872445058822633	
414	0.32	2.713558280467987	
415	0.36	3.4689748215675356	
416	0.74	2.3931469225883486	
417	0.9	2.4918466806411743	
418	0.52	2.310410944223404	
419	0.64	2.1411790680885314	
420	0.88	2.966656985282898	
421	0.66	2.8890629482269286	
422	0.58	2.5074250531196594	
423	0.76	3.060506649017334	
424	0.5	3.1647608399391176	
425	0.94	3.244813847541809	
426	0.8	2.6952132606506347	
427	0.6	2.789531648159027	
428	0.66	3.7611862325668337	
429	0.74	3.0434984731674195	
430	0.88	3.1075259256362915	
431	0.72	2.60129065990448	
432	0.84	2.520597869157791	
433	0.62	3.034632122516632	
434	0.5	2.7749848699569704	
435	0.36	2.2469471561908723	
436	0.66	3.23001514673233	
437	0.72	2.126674093604088	
438	0.56	2.3976402997970583	
439	0.8	3.3115230298042295	
440	0.74	3.147076289653778	
441	0.62	2.775472731590271	
442	0.7	2.8050239288806917	
443	0.6	3.0053356313705444	
444	0.78	3.835776891708374	
445	0.54	3.091971051692963	
446	0.58	2.1486507546901703	
447	0.6	2.81137638092041	
448	0.82	3.368449466228485	
449	0.76	3.460763328075409	
450	0.82	2.7361790561676025	
451	0.8	2.6264090275764467	
452	0.6	3.121387503147125	
453	0.64	3.1974071288108825	
454	0.54	3.6583745551109312	
455	0.58	3.4536806535720825	
456	0.72	3.0383007669448854	
457	0.62	2.3265708649158476	
458	0.9	3.7809367084503176	
459	0.58	2.3370268726348877	
460	0.56	2.4849581491947172	
461	0.46	2.8647170066833496	
462	0.6	3.3518698024749756	
463	0.62	2.7720994091033937	
464	0.48	2.716114869117737	
465	0.64	2.6207541370391847	
466	0.96	2.9734315276145935	
467	0.76	3.9638934898376466	
468	0.68	3.3932668948173523	
469	0.46	3.2056533002853396	
470	0.56	2.3211818319559097	
471	0.82	3.223614501953125	
472	0.88	3.398903479576111	
473	0.62	1.7705496776103973	
474	0.66	3.0402698421478274	
475	0.9	2.553065617084503	
476	0.98	4.13593111038208	
477	0.64	2.9595990133285524	
478	0.44	2.4662918424606324	
479	0.38	3.0317470693588255	
480	0.68	2.6276239466667177	
481	0.5	2.8203882503509523	
482	0.26	2.487474110126495	
483	0.76	3.116632661819458	
484	0.7	2.50225683927536	
485	0.36	2.4702889823913576	
486	0.8	2.941152367591858	
487	0.7	2.287634325027466	
488	0.32	2.79538703918457	
489	0.56	3.7857218599319458	
490	0.68	3.3305544447898865	
491	0.9	3.445171413421631	
492	0.58	2.8614433121681215	
493	0.34	2.2151689958572387	
494	0.54	2.8798852169513705	
495	0.76	2.9278519535064698	
496	0.84	2.9785722160339354	
497	0.68	3.2912444043159486	
498	0.66	2.9375868809223173	
499	0.22	2.759423246383667	
500	0.88	3.4681238031387327	
501	0.32	2.82322820186615	
502	0.54	2.783152482509613	
503	0.56	2.33330198764801	
504	0.38	2.4875884926319123	
505	0.62	2.4966450095176698	
506	0.68	3.435401403903961	
507	0.68	2.482037615776062	
508	0.62	2.5861758518218996	
509	0.58	4.477403535842895	
510	0.82	2.5060459113121034	
511	0.72	2.781396291255951	
512	0.74	1.9213819420337677	
513	0.56	2.9653555369377136	
514	0.68	3.1596416664123534	
515	0.6	2.8526004552841187	
516	0.4	2.624481427669525	
517	0.72	2.6464476919174196	
518	0.92	2.45049663066864	
519	0.54	3.2209689831733703	
520	0.72	2.890393404960632	
521	0.7	2.8878033471107485	
522	0.8	3.597573344707489	
523	0.42	2.641844300031662	
524	0.52	3.1264190101623535	
525	0.74	2.7685096573829653	
526	0.64	2.8008043551445008	
527	0.56	2.5542048239707946	
528	0.92	2.6215820288658143	
529	0.62	2.6716653227806093	
530	0.6	2.1101000583171845	
531	0.5	2.8496480560302735	
532	0.76	2.9283011460304262	
533	0.9	4.297999482154847	
534	0.44	2.650937901735306	
535	0.92	3.2799900150299073	
536	0.46	3.0219969654083254	
537	0.92	3.2082680916786193	
538	0.74	3.5064114356040954	
539	0.54	2.9465525364875793	
540	0.86	2.5493200039863586	
541	0.42	3.0235949301719667	
542	0.44	2.4106776452064516	
543	0.54	2.779404494762421	
544	0.62	3.2996165442466734	
545	0.86	3.0700394797325132	
546	0.7	3.1598828125	
547	0.9	3.4799123001098633	
548	0.9	2.3614477133750915	
549	0.52	2.5043758070468902	
550	0.74	1.7683597815036773	
551	0.68	2.257167956829071	
552	0.8	2.9831831812858582	
553	0.8	2.0005520606040954	
554	0.92	2.5461778903007506	
555	0.74	3.5599956250190736	
556	0.5	2.908786699771881	
557	0.7	2.0410662472248076	
558	0.32	3.03586656332016	
559	0.62	2.988527569770813	
560	0.88	3.42391384601593	
561	0.8	3.537116527557373	
562	0.88	3.040634963512421	
563	0.76	2.2553101134300233	
564	0.84	2.8031369423866273	
565	0.98	3.1861005067825316	
566	0.74	3.375440864562988	
567	0.42	2.8202694773674013	
568	0.78	2.8067310881614684	
569	0.88	2.9790210580825804	
570	0.78	2.4361782598495485	
571	0.74	3.2510475015640257	
572	0.6	2.4430699872970583	
573	0.86	3.1932521438598633	
574	0.86	2.37428448677063	
575	0.72	3.35814174413681	
576	0.96	3.4000526022911073	
577	0.84	2.5288723611831667	
578	0.78	2.758197569847107	
579	0.68	2.754555561542511	
580	0.76	4.047788934707642	
581	0.74	3.2238552284240725	
582	0.62	4.359618110656738	
583	0.88	3.0947054553031923	
584	0.44	2.889194028377533	
585	0.32	2.6009936833381655	
586	0.74	3.0584952902793883	
587	0.5	2.731138803958893	
588	0.6	3.472922110557556	
589	0.52	2.474272572994232	
590	0.46	2.2599262809753418	
591	0.74	2.732801741361618	
592	0.7	2.8742406868934633	
593	0.66	2.625872936248779	
594	0.92	3.4493072414398194	
595	0.78	3.1641641449928284	
596	0.44	3.279373824596405	
597	0.64	2.986227695941925	
598	0.64	2.427089431285858	
599	0.58	3.9273561000823975	
600	0.24	2.5513799476623533	
601	0.66	3.2241222786903383	
602	0.62	2.9407202649116515	
603	0.84	3.5798915648460388	
604	0.9	2.201557319164276	
605	0.7	2.1600900888442993	
606	0.78	2.140989305973053	
607	0.94	2.218907849788666	
608	0.66	3.195015158653259	
609	0.78	3.2536136531829833	
610	0.8	2.462142069339752	
611	0.76	3.988679847717285	
612	0.9	3.708540344238281	
613	0.74	2.319966541528702	
614	0.84	3.53416454076767	
615	0.68	1.9609566262364388	
616	0.66	3.0917235350608827	
617	0.82	2.3203093004226685	
618	0.24	2.935067744255066	
619	0.56	2.4212192821502687	
620	0.16	2.3704958736896513	
621	0.82	3.6533904576301577	
622	0.48	2.5433653497695925	
623	0.2	2.4497329330444337	
624	0.54	3.602435836791992	
625	0.96	3.093670287132263	
626	0.54	2.275564810037613	
627	0.7	2.83865793466568	
628	0.86	2.610283805131912	
629	0.76	2.3494072771072387	
630	0.82	2.826385111808777	
631	0.58	2.2639783954620363	
632	0.6	2.0248397755622864	
633	0.36	2.465723853111267	
634	0.78	3.4928603029251097	
635	0.62	2.918942103385925	
636	0.66	2.3780117976665496	
637	0.72	3.1087456166744234	
638	0.24	2.809310417175293	
639	0.4	2.833217067718506	
640	0.94	4.078272099494934	
641	0.74	2.260087258815765	
642	0.8	3.429202387332916	
643	0.52	3.309508123397827	
644	0.6	2.014598618745804	
645	1.0	4.227434973716736	
646	0.8	4.0332625246047975	
647	0.62	2.5942111825942993	
648	0.5	2.2965943956375123	
649	0.76	3.0361391925811767	
650	0.44	2.320757327079773	
651	0.52	2.4160136342048646	
652	0.62	3.041099729537964	
653	0.58	2.9710578536987304	
654	0.8	3.034254231452942	
655	0.5	2.9188177394866943	
656	0.46	3.0978380012512208	
657	0.32	2.478706963062286	
658	0.62	3.502469329833984	
659	0.82	2.2948927736282347	
660	0.5	3.1225861144065856	
661	0.94	3.808308744430542	
662	0.56	1.888921411037445	
663	0.46	3.3770874452590944	
664	0.4	2.6333494222164155	
665	0.6	3.9259419107437132	
666	0.72	2.2959833467006683	
667	0.52	2.3539987230300903	
668	0.82	2.5383510160446168	
669	0.88	2.2264130187034605	
670	0.76	3.4364293694496153	
671	0.76	3.6911021208763124	
672	0.86	3.1060136580467224	
673	0.36	2.2537201130390168	
674	0.78	2.8781879496574403	
675	0.4	2.9935925459861754	
676	0.52	3.0561188673973083	
677	0.56	2.8514871656894685	
678	0.56	2.675755341053009	
679	0.8	2.51791455745697	
680	0.82	1.8656102633476257	
681	0.3	2.5256501030921936	
682	0.7	2.4352977681159973	
683	0.58	2.408060436248779	
684	0.82	2.729210789203644	
685	0.96	2.6374123001098635	
686	0.5	2.8865138578414915	
687	0.84	3.5848891949653625	
688	0.9	2.5174509954452513	
689	0.26	3.091574046611786	
690	0.82	3.6492084074020386	
691	0.52	2.548565456867218	
692	0.46	3.229172937870026	
693	0.7	3.280200891494751	
694	0.9	3.5594929695129394	
695	0.64	2.659271783828735	
696	0.56	2.602823668718338	
697	0.66	3.1086878299713137	
698	0.62	3.3554372596740722	
699	0.76	2.8005687975883484	
700	0.7	1.978702973127365	
701	0.94	1.9939014720916748	
702	0.72	2.615948656797409	
703	0.7	3.8538871121406557	
704	0.76	2.9010251784324645	
705	0.62	2.972271203994751	
706	0.56	3.3619288110733034	
707	0.7	2.850360326766968	
708	0.5	2.512600839138031	
709	0.72	3.0258422327041625	
710	0.42	2.4478703045845034	
711	0.56	2.0089871382713316	
712	0.64	2.4034279310703277	
713	0.92	1.83770010471344	
714	0.68	2.4735355615615844	
715	0.78	2.9991744899749757	
716	0.78	3.3984120011329653	
717	0.66	3.407019307613373	
718	0.48	2.7261396050453186	
719	0.88	2.4214086318016053	
720	0.74	2.544504140615463	
721	0.7	3.650224823951721	
722	0.84	2.856865427494049	
723	0.78	3.3144196271896362	
724	0.84	3.019136652946472	
725	0.42	2.6002220201492308	
726	0.88	2.448191161155701	
727	0.86	2.8484060025215148	
728	0.38	3.238623249530792	
729	0.5	2.802578125	
730	0.72	3.879715394973755	
731	0.42	2.8005687975883484	
732	0.82	2.3037352466583254	
733	0.4	2.5451877188682555	
734	0.74	3.1817438220977783	
735	0.7	3.346585237979889	
736	0.78	2.461855478286743	
737	0.62	3.4828695166110992	
738	0.74	4.243748807907105	
739	0.9	2.9138934993743897	
740	0.3	2.8854516124725342	
741	0.66	4.358396453857422	
742	0.38	2.0563616037368773	
743	0.66	2.9256285667419433	
744	0.32	2.4907517313957213	
745	0.64	1.9616513895988463	
746	0.86	2.9197779726982116	
747	0.68	2.626035945415497	
748	0.5	2.815413727760315	
749	0.7	2.3645683264732362	
750	0.66	2.7027228045463563	
751	0.6	2.971096942424774	
752	0.7	2.8732661199569702	
753	0.62	2.856986219882965	
754	0.6	2.921133632659912	
755	0.94	2.736264343261719	
756	0.74	3.0674912571907043	
757	0.72	2.8793606686592104	
758	0.64	3.2080110239982607	
759	0.72	2.5935666275024416	
760	0.7	2.687083444595337	
761	0.7	2.6160140264034273	
762	0.5	3.360387473106384	
763	0.8	2.436487579345703	
764	0.4	3.063176403045654	
765	0.66	3.1692434573173522	
766	0.86	3.514198021888733	
767	0.5	2.6999234557151794	
768	0.84	3.4861479568481446	
769	0.7	2.382803726196289	
770	0.8	3.1610435485839843	
771	0.86	1.905806770324707	
772	0.54	2.766419825553894	
773	0.58	2.0336770617961886	
774	0.68	2.860740613937378	
775	0.66	3.4258824610710144	
776	0.6	2.979508936405182	
777	0.74	2.4595974028110503	
778	0.58	2.740712674856186	
779	0.88	3.3231405329704287	
780	0.84	2.436270318031311	
781	0.9	3.468604543209076	
782	0.14	2.548879554271698	
783	0.9	2.1387906575202944	
784	0.34	2.5064807891845704	
785	0.76	2.4897173953056337	
786	0.66	2.8110215973854067	
787	0.52	3.2252849745750427	
788	0.7	3.830301365852356	
789	0.78	2.5795117259025573	
790	0.6	3.5738464975357056	
791	0.7	3.6794519305229185	
792	0.52	3.092586476802826	
793	0.66	2.7469479131698606	
794	0.66	2.520693562030792	
795	0.76	2.9194503355026247	
796	0.66	2.6601024675369263	
797	0.62	2.8111344003677368	
798	0.74	2.5580803608894347	
799	0.36	2.475027494430542	
800	0.94	4.201177058219909	
801	0.84	2.922314248085022	
802	0.9	2.9185287857055666	
803	0.88	2.9231489181518553	
804	0.52	2.2300637912750245	
805	0.88	2.622441817522049	
806	0.56	3.021960690021515	
807	0.74	2.977164785861969	
808	0.62	3.2968602538108827	
809	0.24	2.7183119249343872	
810	0.52	2.7102578687667847	
811	0.48	2.6573293924331667	
812	0.86	2.4683601772785186	
813	0.26	2.554584669470787	
814	0.86	2.867440996170044	
815	0.64	3.255739002227783	
816	0.82	2.5744694757461546	
817	0.68	3.2412507820129393	
818	0.24	2.058388885259628	
819	0.68	3.025009186267853	
820	0.92	3.229622533321381	
821	0.9	3.036346065998077	
822	0.84	3.4734442758560182	
823	0.62	2.4923800158500673	
824	0.46	3.834743690490723	
825	0.76	4.027599234580993	
826	0.48	2.7639799666404725	
827	0.56	2.650281410217285	
828	0.58	2.979787983894348	
829	0.84	3.358756775856018	
830	0.62	3.6735228157043456	
831	0.84	2.1574369931221007	
832	0.86	3.0103316569328307	
833	0.72	2.760128748416901	
834	0.56	2.485780053138733	
835	0.56	3.2999314308166503	
836	0.28	2.708737629652023	
837	0.2	2.929218349456787	
838	0.42	2.949762008190155	
839	0.56	3.2268550634384154	
840	0.72	2.5404600048065187	
841	0.26	2.492858338356018	
842	0.6	3.141732292175293	
843	0.68	3.431640224456787	
844	0.52	2.0842749631404875	
845	0.48	2.282656639814377	
846	0.66	2.3063835430145265	
847	0.8	3.015825107097626	
848	0.3	2.556291434764862	
849	0.68	2.3970659303665163	
850	0.78	3.087800898551941	
851	0.62	2.508264908790588	
852	0.72	2.610510975122452	
853	0.86	3.484917938709259	
854	0.82	2.714942616224289	
855	0.66	2.5844682586193084	
856	0.64	3.321297833919525	
857	0.66	3.7024433851242065	
858	0.66	3.709942219257355	
859	0.58	2.225391409397125	
860	0.48	3.45079598903656	
861	0.68	2.429497377872467	
862	0.82	2.740286189317703	
863	0.86	3.636318554878235	
864	0.6	3.0973919796943665	
865	0.64	4.0255815076828005	
866	0.8	3.8445077323913575	
867	0.78	2.833669083118439	
868	0.5	3.2803922295570374	
869	0.48	2.7425613975524903	
870	0.68	3.4954232931137086	
871	0.72	2.372579321861267	
872	0.56	2.735154240131378	
873	0.9	3.2408262991905215	
874	0.92	3.3463145542144774	
875	0.64	3.0917932963371277	
876	0.44	2.264937399625778	
877	0.74	3.2449708914756776	
878	0.74	3.183815770149231	
879	0.5	3.338157274723053	
880	0.8	3.434251856803894	
881	0.78	2.246285070180893	
882	0.66	2.645591132640839	
883	0.48	2.768609700202942	
884	0.74	3.016910905838013	
885	0.12	3.1932868218421935	
886	0.92	3.7347524642944334	
887	0.54	3.8163165760040285	
888	0.76	3.2462548065185546	
889	0.62	3.0556836032867434	
890	0.94	3.0846739339828493	
891	0.78	2.9598764276504514	
892	0.62	2.7239461064338686	
893	0.38	2.9081768083572386	
894	0.66	2.3663938641548157	
895	0.76	1.9373513460159302	
896	0.72	1.7139803922176362	
897	0.72	2.289868860244751	
898	0.42	2.991278676986694	
899	0.2	2.4703882193565367	
900	0.94	2.4572353398799898	
901	0.64	2.3383837056159975	
902	0.7	2.110770889520645	
903	0.8	2.3238671946525575	
904	0.66	3.478077187538147	
905	0.56	2.705971410274506	
906	0.28	2.3864736115932463	
907	0.36	3.0725789213180543	
908	0.42	2.1785080528259275	
909	0.48	3.1804596042633055	
910	0.48	2.748087139129639	
911	0.4	3.5880177783966065	
912	0.7	3.786601586341858	
913	0.8	2.6337603521347046	
914	0.74	2.6284825348854066	
915	0.94	3.209983274936676	
916	0.98	3.0784510838985444	
917	0.68	4.620107250213623	
918	0.78	3.0499653387069703	
919	0.78	3.130799202919006	
920	0.74	2.6533816826343535	
921	0.54	3.497211043834686	
922	0.82	2.9543925523757935	
923	0.46	3.1909474611282347	
924	0.66	3.3436997890472413	
925	0.68	2.3635989379882814	
926	0.92	3.357795753479004	
927	0.9	2.798679029941559	
928	0.38	2.8903822541236877	
929	0.6	2.7787480187416076	
930	0.64	3.34467355966568	
931	0.6	3.3441338324546814	
932	0.7	3.3641725087165835	
933	0.8	3.1160267877578733	
934	0.7	3.1827718305587767	
935	0.6	2.7209964847564696	
936	0.86	3.660204863548279	
937	0.9	3.56372013092041	
938	0.86	3.2334271049499512	
939	0.74	3.550723056793213	
940	0.84	2.629076042175293	
941	0.76	3.111265950202942	
942	0.7	2.766228458881378	
943	0.64	3.2966310596466064	
944	0.84	3.7563679909706114	
945	0.8	2.913561897277832	
946	0.88	3.8439233922958373	
947	0.38	3.8695380115509033	
948	0.84	2.193151717185974	
949	0.64	3.5983326768875123	
950	0.68	2.691970695257187	
951	0.84	2.7465716862678526	
952	0.76	2.939654426574707	
953	0.88	3.669532814025879	
954	0.86	2.961371970176697	
955	0.94	4.015723872184753	
956	0.88	2.728542742729187	
957	0.86	3.3423497438430787	
958	0.76	3.2356584763526914	
959	0.82	3.195019941329956	
960	0.5	3.16131059885025	
961	0.32	2.8723648762702942	
962	0.6	3.557096242904663	
963	0.72	3.998668284416199	
964	0.68	2.9766366124153136	
965	0.82	2.976616294384003	
966	0.66	2.3515764224529265	
967	0.54	2.4192645835876463	
968	0.38	2.5140608966350557	
969	0.48	2.6209873151779175	
970	0.42	2.900049018859863	
971	0.72	2.9998971688747407	
972	0.62	3.220204870700836	
973	0.74	3.8663308811187744	
974	0.96	2.080489889383316	
975	0.5	2.9036718893051146	
976	0.42	2.5543984949588774	
977	0.6	2.2249729216098784	
978	0.4	2.654310439825058	
979	0.78	3.5315541315078733	
980	0.8	2.1345208740234374	
981	0.8	3.207902171611786	
982	0.74	3.227175569534302	
983	0.82	2.6503451585769655	
984	0.98	3.5727307915687563	
985	0.96	3.1266824769973756	
986	1.0	3.207164800167084	
987	0.4	3.710259504318237	
988	0.94	3.3725665736198427	
989	0.94	2.997985055446625	
990	0.92	3.39942480802536	
991	0.96	3.796949543952942	
992	0.86	4.371546201705932	
993	0.96	3.804110722541809	
994	0.86	3.6301953291893003	
995	1.0	3.7221528005599978	
996	0.82	3.8721408557891848	
997	0.64	3.451729063987732	
998	0.5	3.274595831632614	
999	0.26	2.297702875137329	
